source,query,title,link,published,collected_jst
GoogleNews:コンビニ 新商品,コンビニ 新商品,【これはスゴイ！めっちゃ美味しい！】ローソンの171円新商品に歓喜！（キャプテン福田） - エキスパート - Yahoo!ニュース,https://news.google.com/rss/articles/CBMiiAFBVV95cUxOOElZcXdpaURtcG11Y2FFN1dqUExyV3NTcEVJV2NhR1hzaWM3enFSQng5NkhzSExfY1dGVnplS2RhY2FqWGh3cmpZSmFxbVJ6NzNQS2FTdHlVOUFLOHRXVmpIbWtubWFHV0lqVmFVZk5idUJDcGRhM3dOalNUbk5kVi1HNjVoNVZJ?oc=5,"Sat, 14 Feb 2026 20:55:16 GMT",2026-02-15T07:57:25+09:00
GoogleNews:コンビニ 新商品,コンビニ 新商品,コンビニスイーツの域超えてるって（汗）【ローソン】食べたら沼♡「新作スイーツ」 - ｄメニューニュース,https://news.google.com/rss/articles/CBMiogFBVV95cUxQQlNFR1lPckE2aThSVlU0ZnB3RzJmNDZZQVdKOHI5b3BpdFM5ZGpVaVhPQ2lnamhpemFma29VZEJyUWlFVGtkSFBZMmNsSllORlBfVGNCSUxxeFZoVG5qbkQtM1BPcERRajFCMHpnZzMtNkIzUXZCN0dfajJkQjlGU2hWUE1ZNjhHcnlsd0p3Rjltb1YzWDBTNEZEV0JOOTJQLWfSAacBQVVfeXFMTWxzMGw5Y1VTQTJGeFJyeF85UWYtWUpyN2tDTmZkQXl4Z2RycnhoSmRZZjk5LTZBeUFiRms1MWY2MlRsSmFSVnFoUjY1c2pTWXplSllGRndkekRaWG5QQzYxVlIzZS0xNG9GNjNiV3dmaDBWLTFxTGhJaE96X1o1dUlJdGZwQTU0V2pYallQVkdLbF90WGY2aTVSX0FCeWJXSm81X1NmMEU?oc=5,"Fri, 13 Feb 2026 12:03:00 GMT",2026-02-15T07:57:25+09:00
GoogleNews:コンビニ 新商品,コンビニ 新商品,ローソン新作どらもっち！ 抹茶入って風味豊かな二層仕立て！：今週のコンビニスイーツランキング - もぐナビ,https://news.google.com/rss/articles/CBMiZkFVX3lxTFBaVTlHSHNaQVc4SWRnRnh1Rmd5bzhTcUNwQWJkZDhNekc0WkxSdW5ndjBXLTZOdnZiaDEyMFBaLTRGQmZ2M0Zxa3N3S3V6aV9XajYzRE5zdnAyclhFb0Y4RTFaX2hEUQ?oc=5,"Thu, 12 Feb 2026 09:04:25 GMT",2026-02-15T07:57:25+09:00
GoogleNews:コンビニ 新商品,コンビニ 新商品,セブン‐イレブンのスイーツがパッケージも新たに大刷新！！1月20日（火）より順次、新規商品も発売開始！(※) - PR TIMES,https://news.google.com/rss/articles/CBMiakFVX3lxTFBpeTZ6THRZRVkzeTl1VURzOVdxVWdHdlFPN29ibHFDRnBWWXRkZkRyLWZyVVJyMmhPc2t3bmxvZHJXVGprZ1lya0NjNnlSbmFOaHhxd3NINkY1Wm5fUXdUcmtnWWlDSDFNZXc?oc=5,"Thu, 22 Jan 2026 08:00:00 GMT",2026-02-15T07:57:25+09:00
GoogleNews:コンビニ 新商品,コンビニ 新商品,【驚きの大総量！しかもめっちゃ美味しい！】ローソン「盛りすぎチャレンジ」のお得な新商品2選！（キャプテン福田） - エキスパート - Yahoo!ニュース,https://news.google.com/rss/articles/CBMiiAFBVV95cUxNOXBNWlJZaGpLN2ZnTGcwZzZfSm9wX2NFUzZKNWNuQkhMa2RiYXlvVUlPQXk0QzlUN3pRRVdXQmpuZDA2OHFnQ0hQTVMzb1loMnU5UEdla3YwcVhDM2t5dmREWHhKSDhJdHBxNzBYMU80clpWbWtQSTdEVy1xOGhiZGhIMzV4VGxr?oc=5,"Sat, 14 Feb 2026 15:35:16 GMT",2026-02-15T07:57:25+09:00
GoogleNews:コンビニ 新商品,コンビニ 新商品,ベルギー王室御用達ショコラティエ「ピエール マルコリーニ」初監修 バレンタインにもぴったりなデザート・焼き菓子・パン・アイス 全7種類を1月27日（火）から発売 ～素材から味わいまでこだわりが詰まった自信作～｜ニュースリリース - family.co.jp,https://news.google.com/rss/articles/CBMid0FVX3lxTE82TV9KbGhqcnREQXNWTFRKcXZiWVZ3c2hnSzB2SzhrbElHYjBoY3RlTXFsbklLZURyOGdnZDFkdnhsNThDOHF1Wk1yTDF5and0OWNJOFc5a21MR2VNZ0t0ZHluNUQ3TW1JejNPcTZkeC1BYXBITjdr?oc=5,"Fri, 23 Jan 2026 08:00:00 GMT",2026-02-15T07:57:25+09:00
GoogleNews:コンビニ 新商品,コンビニ 新商品,ストック推奨ッ！！【セブン-イレブン】次食べたい♡「新作アイス」をチェック - ｄメニューニュース,https://news.google.com/rss/articles/CBMiogFBVV95cUxNVHlVUTU5Y1J4WDJSN0JoUlVXQlo1cUFiNWVuWVRLYWdTVFVNbUxTeVo5dWZwNFB1LW5VSHpiLUdyRUQ5Vm1MT3BZS3FsOUZJV2JLNUFEMTJSR01TcEZidTBBaXNGbHZEWmc3ZVJMN1lzSDk0LTFGbDI5RlZGOFQwVW91a2JxY2ZQenlvc05VbFpNVXdkakhtS0kyRC1sS1l6U1HSAacBQVVfeXFMTkltYW1ndk1qWk8yWkN1MnE1R3A5MlZpaldxYTRIcC1vMTdORzFJNnFjMnFDSlo5RV80LWxmNEZVTDlXNjI4eTR3SmFtWnRLTjN3d3VZNzRMQmQ1M2IzS3VEdkdFM21uT0JTTjVMSGowSS1jR18tNXNCWFJnQUY2UGx4dkxuUzVpU05uSGQ3bzNfeFB4bUY2Z3RSdm5uVTRtMklqQ3pkVXc?oc=5,"Fri, 13 Feb 2026 00:03:00 GMT",2026-02-15T07:57:25+09:00
GoogleNews:コンビニ 新商品,コンビニ 新商品,【これはスゴイ！まさかの仕様に驚嘆！】ファミマの新商品にハマった！（キャプテン福田） - エキスパート - Yahoo!ニュース,https://news.google.com/rss/articles/CBMiiAFBVV95cUxOdmlMUEZ0TnZFRm8yeGstSEo3VTkzVWVFZ0RTMUlvX1VDSk5OY2ZCVGp5WFpYUklvMTRQcXJta1Zha3YwanFDVUM0U2VMTFhRZW9sWTBmWU0tWVJPQ29KaEpmaVRfcE9USUZLM0RoNGhWVGQ1cEo1dG13dnVFTFVqX1J3R2liMXh2?oc=5,"Wed, 11 Feb 2026 20:55:10 GMT",2026-02-15T07:57:25+09:00
GoogleNews:コンビニ 新商品,コンビニ 新商品,【これは美味すぎる！もう1個食べたくなる！】セブン‐イレブンの新商品に歓喜！（キャプテン福田） - エキスパート - Yahoo!ニュース,https://news.google.com/rss/articles/CBMiiAFBVV95cUxPa3ZybVQ2RHIzWjN5d1ItMWV5bXJqTUpfUFVRelpQa2hFX0gzbEJUdWJxX2xjeWhDNVVXeUJpdXZWODBnajdwclRKMTA0ZHVIRGxyNU94dzhtVWp0Q3ZaVkltNy1fWnpMbm9rNVdJQmJZR09tU2FwX0t3VnZIZVl4TGQzNHhlb1Bq?oc=5,"Fri, 13 Feb 2026 20:55:11 GMT",2026-02-15T07:57:25+09:00
GoogleNews:コンビニ 新商品,コンビニ 新商品,【これはハマります！もう1個食べたくなる！】ローソンの171円新商品に歓喜！（キャプテン福田） - エキスパート - Yahoo!ニュース,https://news.google.com/rss/articles/CBMiiAFBVV95cUxPQWpuOFU1V1RuTmJxZ3BrR3ZVV3o1dHJ6QW1yQnpkT0VKVHhsTTZidEtXTmVyM1RaMXNMcnVwN0JRb0NCTm14Z0RGeFZDYXYwbmRzZHpxN0YwQ3YwMmdJakFUaE5yUlluQ0MzblNCbzFfQzZxeENyeXFpbkJxeU0xVkdMNTZ5d2VR?oc=5,"Thu, 12 Feb 2026 20:55:12 GMT",2026-02-15T07:57:25+09:00
GoogleNews:コンビニ 新商品,コンビニ 新商品,【これはハマります！美味しくてビックリ！】セブン‐イレブンの名店監修アイスに歓喜！（キャプテン福田） - エキスパート - Yahoo!ニュース,https://news.google.com/rss/articles/CBMiiAFBVV95cUxPQ3dyb2RQQW1fMjZpYWJqWHdqUXRlR0RpcEgwRm5taE9kb181MGRBeVhmX2I1MGp0Tk5uS3kzYVI1dHdtdXJIcXhaMl91ak9IX0FFMy1pd2VFZjNudXA5S3JqdUdDMkZ1TExwMHpfbU9xcmZYeWRFclZzYWpLZkptRlFJRnFZV0pz?oc=5,"Tue, 10 Feb 2026 02:20:35 GMT",2026-02-15T07:57:25+09:00
GoogleNews:コンビニ 新商品,コンビニ 新商品,【大増量でお得！しかもめっちゃ美味しい！】ローソン「盛りすぎチャレンジ」のお得な新商品に歓喜！ - Yahoo!ニュース,https://news.google.com/rss/articles/CBMiiAFBVV95cUxOWEx2SzZaeUVwbUU4SnZiQlRockxJUlZhZ25rUVZTVkE3elp6Q20zZWNIR1B0eUxYczY1VGdZNllBMzJ4cEk2UnQ5WmszQnJQY2RGSDVRazFObU5oYUtQSXd6RWFSSXdyVjVncDhYN1k0dlM5TWI0WThaaHMxZlFMaEZ1UEhzMVlh?oc=5,"Tue, 10 Feb 2026 20:55:10 GMT",2026-02-15T07:57:25+09:00
GoogleNews:コンビニ 新商品,コンビニ 新商品,"【1,015kcalと猛烈！518円とお得！】ローソン100「デカ盛りチャレンジ」の新商品に驚嘆！（キャプテン福田） - エキスパート - Yahoo!ニュース",https://news.google.com/rss/articles/CBMiiAFBVV95cUxNUXFISmdkbTAwRFppdU90MEVaWVJMa3hPd1UtS0Z3dHl2aU95Z01YNGZSYnNMWE0yTlE5VEEwOTFPcHBtTFRWWGpibGFvWmZBNDJmY1BPRWF5OVdwS01TRUpsdWdDNHMxU0F3bkpvTEI3VXgzS3I1X3ZLOHpId3hBRDRwVldRazRJ?oc=5,"Fri, 13 Feb 2026 08:13:50 GMT",2026-02-15T07:57:25+09:00
GoogleNews:コンビニ 新商品,コンビニ 新商品,【これはハマります！美味しくてビックリ！】ファミマの新商品に歓喜！（キャプテン福田） - エキスパート - Yahoo!ニュース,https://news.google.com/rss/articles/CBMiiAFBVV95cUxQQ01UbTZlS19UZzh6M1lmdzNOaVNjU0Zycy15eTFCVW5vMEdiZTJlMkhtQUtBS2o1XzctOS1nUENRVVlJVkVpdlVjcVJBM0g4TXVybmZ2eUFSVnQ4dVd6bXdLVUxjMV9tWXhHbnRucWNGUDFpeUs0ckNmekhvOTF6Q3ZybDNwSHpG?oc=5,"Fri, 06 Feb 2026 20:55:10 GMT",2026-02-15T07:57:25+09:00
GoogleNews:コンビニ 新商品,コンビニ 新商品,【大人気の行列店とコラボ！375円でめっちゃ美味しい！】ファミマのお得な新商品に歓喜！（キャプテン福田） - エキスパート - Yahoo!ニュース,https://news.google.com/rss/articles/CBMiiAFBVV95cUxNWF9lZGpMeDFVNm1wQjZiLXpNa24tUmNILU9oNk9HNTg1WVJaYlRnSFhBTUg1Ny1ydDVXRnV0dEhORF9aU2lUalBWeGpQZ1FKOUV0eUUxVTdkTHFyYWxXUWtXVnpoYW9rdmRaYmh3QllEQ2JkWWUyS1BYOHJJZGNKZHZvMkxyQVBm?oc=5,"Tue, 10 Feb 2026 15:35:13 GMT",2026-02-15T07:57:25+09:00
GoogleNews:コンビニ 新商品,コンビニ 新商品,【重量220gと猛烈！驚愕の大増量！】ローソン「盛りすぎチャレンジ」のお得な新商品に歓喜！（キャプテン福田） - エキスパート - Yahoo!ニュース,https://news.google.com/rss/articles/CBMiiAFBVV95cUxNMzctU2tLdC1saFFOS1NqSXNORjR3Z2Y1Tzdac2tDcG5sOG5jWW5sWmZ2SzQ5Zm9KdnJvNjEtc1ZJel96WWQ4Q0tlT0hpTENDT0tQV09wOXZUdlliUVV0MXNzcmZoOTBuVFE4NTBCZlRhM1hMVXdYR2RuV3lraHJvU0NBai1ROGJl?oc=5,"Wed, 11 Feb 2026 15:35:18 GMT",2026-02-15T07:57:25+09:00
GoogleNews:コンビニ 新商品,コンビニ 新商品,【たくさん入って安くて美味しい！食べ出すと止まらなくなる！】セブン‐イレブンの絶品新商品2選！ - Yahoo!ニュース,https://news.google.com/rss/articles/CBMiiAFBVV95cUxOdnFZWlBEYkZWeDhKcXhvdGtUWHhvX3RZRy1YRGdhNEtrLWt0N25sUG9NTXl1OVlwLTl2MjBUOUFvZ252R3otSjB6NkxPTUljTVVoTk9HSTdXbFRHMHBSaTQwVlRJakRNYlE2MHQwUW1rSXNLSGFmWEtkYjEwSW13T1Y3QkM5V25o?oc=5,"Mon, 09 Feb 2026 15:35:16 GMT",2026-02-15T07:57:25+09:00
GoogleNews:コンビニ 新商品,コンビニ 新商品,"【1,007kcalと猛烈！鶏から揚げ大増量でお得】ローソン「盛りすぎチャレンジ」の新商品が感動級！ - Yahoo!ニュース",https://news.google.com/rss/articles/CBMiiAFBVV95cUxNZmVxVnJ3eUtqZ05wVnFaMXoyRzl0azJSYmkzOU9YOW9DTGo1N0NjTVVacDludnV5S21MWFJNWDNYOUlsckZ5VFpqYVBNSmltMnJnWkh2VFlwMlBTY0tYdlBEcHNmd1I5cmNNSk44ZkJySUJ6Y0pQN1pfdGdBVmVobDVBSTBPTVNt?oc=5,"Thu, 12 Feb 2026 07:51:58 GMT",2026-02-15T07:57:25+09:00
GoogleNews:コンビニ 新商品,コンビニ 新商品,セブンイレブンに新作スイーツが続々登場した ”しあわせ食感”とバレンタインにぴったりのチョコレート、どんなラインナップなのか - Yahoo!ニュース,https://news.google.com/rss/articles/CBMif0FVX3lxTE5uWk0xTVpPS0luVno4YzlSZ3ZuOXlZbmFSOVc0ZmhUT1VjQTEwZWVGUTcxb0VETExRT0VGQmdOekJBOU00bkZRQUw4RTl1cWs4ZjVYc0l5N3FKM0MzcjZzLUtjM0dXZnZyUjh2TW03LXlHQS1QVU9PblJMejJ5Tm8?oc=5,"Wed, 28 Jan 2026 08:00:00 GMT",2026-02-15T07:57:25+09:00
GoogleNews:コンビニ 新商品,コンビニ 新商品,【重量870gと猛烈！大増量でお得！】ローソン「盛りすぎチャレンジ」の新商品がマジでぶっ飛んでる！ - Yahoo!ニュース,https://news.google.com/rss/articles/CBMiiAFBVV95cUxQSXQ2Q1ZPTFpZWVk2QjliNkxqOE9CS3A1R01hdk50Y3k5U2JTTTJGX251Ti1aVEozX1QzZjJNdExaMFo3cVlWZGNNUW56Z0JiZ2lwMjFwZ0hqVVZnd054SGd1RFNndnVtQ3R4eU5sLUtsNm9rd0tOdV82ak5UUW5rTWczRDVTOFNk?oc=5,"Tue, 10 Feb 2026 07:45:28 GMT",2026-02-15T07:57:25+09:00
GoogleNews:コンビニ 新商品,コンビニ 新商品,ローソンのお得な「大盛り弁当」を実食 から揚げ8個入りでボリューム満点！（進撃のグルメ） - エキスパート - Yahoo!ニュース,https://news.google.com/rss/articles/CBMiiAFBVV95cUxNVnpnVW03d0hiOUdHb0xfRWhXNThsdjF5UjFoeVFCMFZpU1VhUFR2c3FjeVU1bFlmT1hLbG53VjRudFlYREFOczYtcmJyN2RRSmc0YkJRTjdHYnJBVVlwM1o5eV9pUW1NWUUzLXEtV2RPR1pjalZnbnMyajdGNlR4aVdVU0sxVHZo?oc=5,"Tue, 10 Feb 2026 07:34:50 GMT",2026-02-15T07:57:25+09:00
GoogleNews:コンビニ 新商品,コンビニ 新商品,【これはスゴイ！マジで美味すぎます！】セブン‐イレブンの絶品スイーツ2選！（キャプテン福田） - エキスパート - Yahoo!ニュース,https://news.google.com/rss/articles/CBMiiAFBVV95cUxQRTc0b0UyU1VMaUZjVXRMNDhHZzFUWlhjbUVmZEItZHBFWTV0dHl4Q0NMemkwVWJhMXl2OFowb1JsdGRHSTItcmRidmlGVzYtTGFMQzZ0VnE0aEo2d3l1YkxzeExPZ3pscktCSXlVdEMzMHZsMnRXYVNhSXJ4VlFWUUQwVnJEVWJV?oc=5,"Mon, 09 Feb 2026 12:55:14 GMT",2026-02-15T07:57:25+09:00
GoogleNews:コンビニ 新商品,コンビニ 新商品,【想像を超えて来た！めっちゃ美味しい！】セブン‐イレブンの新商品にハマった！（キャプテン福田） - エキスパート - Yahoo!ニュース,https://news.google.com/rss/articles/CBMiiAFBVV95cUxPNHBqOW9oQmZoaDVLY2NsNWRMQTRRcFFTMkJyMG42RXVicHFTQThTUUxEeEdaNVN4QndzUklsUkNOMUNGQzVrbVlHal83ZFMwbGx6TlVqY1RmWW90NllzaFhGZ0YtOF9kdDUxd2NqN3dxc0N2TlcwX1dfdnc2UjgwTDB5OUJWWWU1?oc=5,"Tue, 23 Dec 2025 08:00:00 GMT",2026-02-15T07:57:25+09:00
GoogleNews:コンビニ 新商品,コンビニ 新商品,ローソン「お得な新商品」を飲んだら、個人的に残念だった（進撃のグルメ） - エキスパート - Yahoo!ニュース,https://news.google.com/rss/articles/CBMiiAFBVV95cUxQZlNzZkRJTEF2d2otN2hleUhIb0JnRzlzTm9RaHJVajF3cWpiUmRVejBNdWlORmJ5S2xqZDNmS0RZZnpVaVNscGlxZV9IMDQtZ1FFMGlKWWRJZDNRbUZKMldnbzVCVi1CdlNqeGtfR2lYT1pQYlpFYW9sXzNkc0JFbDFSMndsM1JO?oc=5,"Sat, 07 Feb 2026 09:10:21 GMT",2026-02-15T07:57:25+09:00
GoogleNews:コンビニ 新商品,コンビニ 新商品,【2月3日～発売】セブン-イレブン 新商品スイーツまとめ「とろける濃厚生チョコ」「ショコラオランジュの和パフェ」など - えん食べ [グルメニュース],https://news.google.com/rss/articles/CBMidEFVX3lxTE5LZ1lkNmgwRk80U2hINEdHZm5VZlFwSzFnS0hJTzR4MDhzYWpuTkZhQ0dSRUxYemVVaEVhSnp6VHl3aGdGTW45ZVZJaHdXVnRsM1lPU2hneEZOb1B0M3dtOEIyVFg2cnBUQjdEb1dwYnhNd0Q4?oc=5,"Thu, 29 Jan 2026 08:00:00 GMT",2026-02-15T07:57:25+09:00
GoogleNews:コンビニ 新商品,コンビニ 新商品,セブンイレブン、ファミマ、ローソン／二極化するコンビニおむすび最前線 - 流通ニュース,https://news.google.com/rss/articles/CBMiWkFVX3lxTE9pbG5KVHpUVHNpNWNHemNBZGFuekFjZmRDSENmRmNOSzdsMWhuTjQyNmQ1WWVTcmRQMEhMNWQ5S29UOWRkeTZPZG9HZU9lRUxaaDRTQi1Ib0dsZw?oc=5,"Wed, 19 Nov 2025 08:00:00 GMT",2026-02-15T07:57:25+09:00
GoogleNews:コンビニ 新商品,コンビニ 新商品,セブン-イレブンで話題の新商品（232円）を買ってみた 懐かしくてクセになるおいしさ（進撃のグルメ） - エキスパート - Yahoo!ニュース,https://news.google.com/rss/articles/CBMiiAFBVV95cUxPX3hOcTlIaTZ3cmJ3dGNsUnZ6eVlRQWxLXzF2RDZxcVRIMk84V0xLTm9iRThnQ3ptYjNycF9FWjFPc1JaaWFkTWt2NW9Bd1YwYmVld0s5VjZDS19mRmZYSzJpZFIteGpmaVJYX2t0cFl5ZVEyVXdidVNSaVJIb010Vzd2R3RWbTR2?oc=5,"Fri, 23 Jan 2026 08:00:00 GMT",2026-02-15T07:57:25+09:00
GoogleNews:コンビニ 新商品,コンビニ 新商品,【大当たり出ました！これは美味すぎる！】今週のコンビニスイーツランキング3（1月11日）（キャプテン福田） - エキスパート - Yahoo!ニュース,https://news.google.com/rss/articles/CBMiiAFBVV95cUxQY09TVnRQbTBTZG13VmlXLUNrRVZsRVZkVVREY2loMVdhVUtkR3dnU2p6aS02ck9saEpIX0ZFSkZCUmtpNV9VcXcyTEVuMTRqYlpLWlJ1NVJwMzl6bEVEYmhCVml1YWxGWmVKcVhIcndYUWhSSG1UWjVCWWM2aE5nTWJsbzY4UnVj?oc=5,"Sun, 11 Jan 2026 08:00:00 GMT",2026-02-15T07:57:25+09:00
GoogleNews:コンビニ 新商品,コンビニ 新商品,【これはハマります！美味しくてビックリ！】今週のコンビニスイーツランキング3（1月25日）（キャプテン福田） - エキスパート - Yahoo!ニュース,https://news.google.com/rss/articles/CBMiiAFBVV95cUxQNmtCSWQ0WlFYSXVxNDdYdUozLUxkLVpTb0dEM1dwOTNVQ1R5MlhlT05faWxFMlhyLW5aeU1FMEVXblJieUFEUV9KeTJseHdlOUFHUjZ3RjhkcVIybkpkWWJ0OUxJd1p6U2ZvQjBFSjUxMDZ4QWRFemlTR1BkQXJweFVOS09reExw?oc=5,"Sun, 25 Jan 2026 08:00:00 GMT",2026-02-15T07:57:25+09:00
GoogleNews:コンビニ 新商品,コンビニ 新商品,セブン-イレブンに700円を超えるコンビニ弁当が増加中 新商品8種類を紹介（進撃のグルメ） - エキスパート - Yahoo!ニュース,https://news.google.com/rss/articles/CBMiiAFBVV95cUxPMXVtS2ZOUmo4U2NUaWc0TDcyalVKWENjWEEwcmhZbGJRWE9nLXBVSU9zMW9tXzBET1pVdFhIQjd5TlE3VmVPdTdFWTdmSmRqNFRmNm5rcjZmWldxNFJwVzlWV3ZvYW1ORC1jTDZiNWJ3Sm9ieURFVklzTUJ3OUxWWUpyZnJMTE1s?oc=5,"Mon, 22 Dec 2025 08:00:00 GMT",2026-02-15T07:57:25+09:00
GoogleNews:コンビニ 新商品,コンビニ 新商品,【これはスゴイ！マジで美味すぎます！】今週のコンビニスイーツランキング３（1月4日）（キャプテン福田） - エキスパート - Yahoo!ニュース,https://news.google.com/rss/articles/CBMiiAFBVV95cUxPNkx3YkVPOWpVMW81Qi03enF0dTJmdUl0TERWbTJnYmoxTGpRbHRvT3F4MGNHd2Q0TVplQlcwQ0FjNVVlZlFuV3hRbFVfV3NadVlFUG1UM1V3R2szZHcxRk1aUFlwOHZBUU5uMTFOZ0JVVVB4YVBoMk4xUHlvdnpwUC1EaHJ2VUoy?oc=5,"Sun, 04 Jan 2026 08:00:00 GMT",2026-02-15T07:57:25+09:00
GoogleNews:コンビニ 新商品,コンビニ 新商品,YouTube総再生回数22億回突破！料理研究家リュウジ氏監修 累計販売数430万食を突破した大ヒットコラボレーションが再来！ 「リュウジの至高のレシピ」全8種類を11月4日（火）から発売｜ニュースリリース - family.co.jp,https://news.google.com/rss/articles/CBMid0FVX3lxTFBhQ0N0Q0VzVXRhdnJOM1lNSkhkNzAxNi0wS011UE9NWjk5TFZnYWdrelRIS2l1X01peVI4dlBvb1Vkc1pFTi15X25xN3AwUzcweE9McFkxbEF1UUtodlVFTzV4WEFQOU1JRTdOVGJRTmNPS0R4UE40?oc=5,"Thu, 30 Oct 2025 07:00:00 GMT",2026-02-15T07:57:25+09:00
GoogleNews:コンビニ 新商品,コンビニ 新商品,商品開発秘話 02｜ローソン公式サイト - LAWSON,https://news.google.com/rss/articles/CBMihwFBVV95cUxPcFJqQzVDRjlBZ1dhbUFsZnI1YXZfSFdwejhBbWtGYXhDVVItcTFMYS1jbGhleEJpZzVLbjZJNnVqVjNYSk92NDZjMXBuaFByQ1MyRlVPM2YyOFhWekZuNFhZUWtod3hhWHVRNFpHX2NiWnNLWXpuVG5zdlFrUjNBWUE2YTZaVUE?oc=5,"Tue, 15 Jul 2025 11:11:55 GMT",2026-02-15T07:57:25+09:00
GoogleNews:コンビニ 新商品,コンビニ 新商品,【想像を超えて来た！めっちゃ美味しい！】ファミマの新商品にハマった！（キャプテン福田） - エキスパート - Yahoo!ニュース,https://news.google.com/rss/articles/CBMiiAFBVV95cUxOaW8xYmxiZ0M5bWJMcjFBc3IzT205ZjFPeGRHU0lEQ0pNOS0wMU4yMDlYel9SdmdlVlhmVE8ydnl3NmVrQS16dGI1RE91VlVMSjdGdFdlc0ZCS3lnN2NBSktpb09zZzhjN3ByMEx4d2ltbmpTWFFHSFpQelAxTExKVWZyWE8xTm1k?oc=5,"Fri, 19 Dec 2025 08:00:00 GMT",2026-02-15T07:57:25+09:00
GoogleNews:コンビニ 新商品,コンビニ 新商品,秋の散策のおやつにぴったり！ コンビニ新商品速報（ufu.） - Yahoo!ニュース,https://news.google.com/rss/articles/CBMif0FVX3lxTE83VFdCVDZSV3NJM1E4ekJsbjhUOWR4TkFxUklPRWVYdWJTQnRJM3F1S3pVRkd5MWQzRzYzSjh5T0huczlsNHlBX29PLU1PNlpnanFzdE1uVjlsc3Jla2ZtRVo3T25JY20xSS1YVGJVTnR5NkJzVUdJUms2NFBBTEE?oc=5,"Sat, 27 Sep 2025 07:00:00 GMT",2026-02-15T07:57:25+09:00
GoogleNews:コンビニ 新商品,コンビニ 新商品,【2026年1月】セブン-イレブン・ファミリーマート・ローソンの新作スイーツ特集｜冬にぴったりの注目商品を一挙紹介！ - えん食べ [グルメニュース],https://news.google.com/rss/articles/CBMihgFBVV95cUxOWThIWE5LQmMzNmJvVmJfc1MxX21YVThEVkZ0akRYYVRTdmlTZHBvMEdkTk1kbGpKeXZYQ2NxTW41T0wtSENxREdOWG41R3pvWDlGaFBqZEZwQ1FFd0RLVDhfLXZCYUhzOGgzdUVfMkdhQ1BUZnBhdU1ucnl6Y2VhY1BmVExEQQ?oc=5,"Tue, 06 Jan 2026 05:02:16 GMT",2026-02-15T07:57:25+09:00
GoogleNews:コンビニ 新商品,コンビニ 新商品,N.Y.C.SAND限定コラボアイスが数量限定で新発売「N.Y.C.SAND ワッフルコーンN.Y.キャラメルサンドアイス」「N.Y.C.SAND N.Y.リッチスカッチサンド＆Wチョコレートアイス」 | 株式会社セブン‐イレブン・ジャパンのプレスリリース - PR TIMES,https://news.google.com/rss/articles/CBMiakFVX3lxTFBOejdoNzAzUmFYNFpjVTJDN1k4a00wN01naXlsa2lLM0VsSlA3MWtwRXc4TWUwSGpxcmFGNUFoVTJGWFg1aEVIT0JsMEQ0OTFuZE42NDRQYlZ3WHM4aTRqWXlrdUY4Y05FblE?oc=5,"Wed, 10 Dec 2025 08:00:00 GMT",2026-02-15T07:57:25+09:00
GoogleNews:コンビニ 新商品,コンビニ 新商品,【セブンイレブン】新作スイーツ「ミニかまくら」や半熟卵の「ウフマヨ」、「ちいかわ」関連新商品など【コンビニ】 - 特選街web,https://news.google.com/rss/articles/CBMiS0FVX3lxTE9yMExXa2YteVNBN2ZfY2ZzU3RzWEZTaGR5Y2tNeElvRmhDVkh4amswVVpEZ2xpNG45YlZUQ2xENUJrdzU1cXVwYk14TQ?oc=5,"Wed, 03 Dec 2025 08:00:00 GMT",2026-02-15T07:57:25+09:00
GoogleNews:コンビニ 新商品,コンビニ 新商品,【1個50円！食べ出すと止まらなくなる！】セブン‐イレブンの新商品にハマった！（キャプテン福田） - エキスパート - Yahoo!ニュース,https://news.google.com/rss/articles/CBMiiAFBVV95cUxOUkstX0VieWhZSUdOMHhtSkN2ZG5CRDhrVGtzLVRWMS1nZllNUVpxZHJPYTZLY2NESGg0aDBRUWJKS1RZYWc2RF82cHFjaE9lNUpNZEFFRHR5VzV2UnpYRzAxalBmZ0ZfWXVXVF9ydkFFdktrZ3lmUXhWUEVvNGdnM2Jkc0VzYXNN?oc=5,"Tue, 27 Jan 2026 08:00:00 GMT",2026-02-15T07:57:25+09:00
GoogleNews:コンビニ 新商品,コンビニ 新商品,【コンビニを超えた！マジで美味すぎる！】ファミマのスイーツが感動級！（キャプテン福田） - エキスパート - Yahoo!ニュース,https://news.google.com/rss/articles/CBMiiAFBVV95cUxQNTdpUDZFVHBWaVgzbDhOTmkxQUNBMmpQcDROblhJSktIUzlHd3NKR3lFNHNRSGhhZUNZZ0wzYzR0QkdJQzRRMHdmVUdBb19JY2tfWVhUTmJNNkdJRnBDSUM4V0x5TDlVbUNwNlFGRjl0U0NmMXhzbTdLeFRuemlraTBISUQySzlz?oc=5,"Fri, 19 Dec 2025 08:00:00 GMT",2026-02-15T07:57:25+09:00
GoogleNews:コンビニ 新商品,コンビニ 新商品,【ローソン】「スイーツ売上ランキングベスト10」を発表！第1位は定番？それとも新商品？【コンビニスイーツ】 - 特選街web,https://news.google.com/rss/articles/CBMiS0FVX3lxTFBFQnVJVG5YSkc5LXloREV4VW8wTVZBOHAtZXZGSDZSbW92Z2JYTThqUVJSR0liSkk4RGhYLS1kSGdSMWZGdk1aVWN1SQ?oc=5,"Wed, 07 Jan 2026 08:00:00 GMT",2026-02-15T07:57:25+09:00
GoogleNews:コンビニ 新商品,コンビニ 新商品,【1個45円！めっちゃ爽やか！】セブン‐イレブンの新商品がお得で美味しい！（キャプテン福田） - エキスパート - Yahoo!ニュース,https://news.google.com/rss/articles/CBMiiAFBVV95cUxQYmVDX0NESXNBTjRHWGJCYkdHekk3S1czN1pOQ0JVLU1KSlBHdks5YU9FRmZJSjNrZzdjSThaQzM2NUdaTi1wNUE3RTNiUWlBenBuVURHV0Q2Y0ZoS1RIRi02UGhacVkxQUd2V2tRN2h3MGlTdEUyZ2FMZTJqUXR6TEV6VW1OTXNU?oc=5,"Mon, 21 Jul 2025 07:00:00 GMT",2026-02-15T07:57:25+09:00
GoogleNews:コンビニ 新商品,コンビニ 新商品,【また食べたい！】セブン-イレブンで販売中の「おいしい新商品」5つ（進撃のグルメ） - エキスパート - Yahoo!ニュース,https://news.google.com/rss/articles/CBMiiAFBVV95cUxQZmJQb0wyMXR0SjhKYUZKeHpfVWlHVDI2YV9RcG9WbmRxT2pVYnUycFNjeFJVemtabWtTaXBkRXMzR2k2dV9RT1FyRTdjazdQdDBsSFNkdl8wbmtfeUJ2RF9EQ19lQWRCNEQ3NXdQNXFManFTamg0YWM1WGU5MjdJa2NEVGFnaE9V?oc=5,"Sun, 28 Sep 2025 07:00:00 GMT",2026-02-15T07:57:25+09:00
GoogleNews:コンビニ 新商品,コンビニ 新商品,【これはハマります！美味しくてビックリ！】セブン‐イレブンの新商品に歓喜！（キャプテン福田） - エキスパート - Yahoo!ニュース,https://news.google.com/rss/articles/CBMiiAFBVV95cUxNM1lqX1FFa1Q1SW15Ml9sdl9MaU9uU1puMnJFZGVReTdsMUFUbFYxR3pzYmJHYlFFdEprTkxoSXBDSkliMkI4VFVEMlF0VTRDdjhwTy1ROGNhTV9uQnBwWVBmbENjRjFpblh3ZFUwNEVGUV9ORzU5WC1uVXVueVZvTHdmNnVPSkZD?oc=5,"Tue, 06 Jan 2026 08:00:00 GMT",2026-02-15T07:57:25+09:00
GoogleNews:コンビニ 新商品,コンビニ 新商品,セブン-イレブンに「大盛り」を超える「ドカ盛り」が登場 新商品3種類を紹介（進撃のグルメ） - エキスパート - Yahoo!ニュース,https://news.google.com/rss/articles/CBMiiAFBVV95cUxQMzR2U2NaY0ZzeGZyZ3I2bjZPY1FQdXI2a24zbFJxcG5WMUZqeWlqVUpaWndhNFFIUkZITnRaOEJIMXFKS1lQZFcyOHJxMHRGQXRUU3padk95SUNlUlZSM0NPVmZVQWRVTDJMbjgzLWhSQzd1enMxUUJob1dDN0VValJFYW9yV3dD?oc=5,"Fri, 21 Nov 2025 08:00:00 GMT",2026-02-15T07:57:25+09:00
GoogleNews:コンビニ 新商品,コンビニ 新商品,【生クリーム専門店とコラボ！マジで美味すぎる！】今週のコンビニスイーツランキング３（11月30日） - Yahoo!ニュース,https://news.google.com/rss/articles/CBMiiAFBVV95cUxNOW94YWEtTnI1RXAzMkNwOWE0cEJlUU9kM2dHYnNfQmM4S3FUTUxXUlRaRUo0YWx6UUZfNktWcEM3TG9ZRnhTemg4TG9OVkFVRVBUbThCcjFPWkNldzNRSGZFU2cyWWQ0cUhuWElRTmRVVHhSdmhkWVRIcW1DTEJDMFFnZnZJUlJ6?oc=5,"Sun, 30 Nov 2025 08:00:00 GMT",2026-02-15T07:57:25+09:00
GoogleNews:コンビニ 新商品,コンビニ 新商品,コンビニスイーツ、どこがおいしい？ファミマ・ローソン・セブン…7月新作スイーツ食べ比べました【10商品ガチ実食ランキング】 - my-best.com,https://news.google.com/rss/articles/CBMiSEFVX3lxTE00Z2gtYTVCZzBXRWJ3c0lPaXNLZWdHNndfaUowdVdPMjZyRUZYR1p4TUYzQkdHc0hFUnFvV3JSSm1ibUxBZlJiTA?oc=5,"Wed, 09 Jul 2025 07:00:00 GMT",2026-02-15T07:57:25+09:00
GoogleNews:コンビニ 新商品,コンビニ 新商品,【ちいかわコラボ！】セブン-イレブンで話題の新商品（300円）を買ってみた（進撃のグルメ） - エキスパート - Yahoo!ニュース,https://news.google.com/rss/articles/CBMiiAFBVV95cUxQQmZ2YWZNUW0zblNuN0kwVzhnM25kYUc1aDc4SjdtSFV1SmdxcktTZ3hYRFJrU2RYczdtYlE1Q29aSlYtQnRPREZYb2tkZG5DY092TXRkb0d3QVNFenhkYWFmbnl2MkxZSm5iVDRJdWpidGl2SjJFWlVQRVMtbGxPQTNkSENhV0xh?oc=5,"Thu, 25 Dec 2025 08:00:00 GMT",2026-02-15T07:57:25+09:00
GoogleNews:コンビニ 新商品,コンビニ 新商品,【デカイ！美味しい！食べ応え抜群！】今週のコンビニスイーツランキング３（7月20日）（キャプテン福田） - エキスパート - Yahoo!ニュース,https://news.google.com/rss/articles/CBMiiAFBVV95cUxQUTR6WjZjU2UtUWFCX25iVTNGMWhQcXZjT2thMkdrSmoydThqRnllRVRsZ1oyN2M1ZXpuOTVMUDRGLWlSX3hCUi1waHVHSGpxbWpLS1hxSHB2REtxaGcxazA2dXp0MXV0R29YLXRMMTdpVHF1T2p2RHluYUlZd0wzaDNZZ1phOE55?oc=5,"Sun, 20 Jul 2025 07:00:00 GMT",2026-02-15T07:57:25+09:00
GoogleNews:コンビニ 新商品,コンビニ 新商品,【コンビニ】セブン・ファミマ・ローソンの6月新商品＆おすすめ商品はコレ！今すぐお店へ - シティリビングWeb,https://news.google.com/rss/articles/CBMiWEFVX3lxTFBsQmpXc1NBTWRCNmozeXBUNnBncDQ1bi00eThRY3I4WlhYSC11MEJFRUZDMjRqQUdIUmNQdGxkRVF1TzJvRVJ3YTVpMzl1bXNicmF0c1I1Rm0?oc=5,"Fri, 20 Jun 2025 07:00:00 GMT",2026-02-15T07:57:25+09:00
GoogleNews:コンビニ 新商品,コンビニ 新商品,食べた感想「本当においしい！」←セブン-イレブンのスイーツ＆アイス新商品6選（進撃のグルメ） - エキスパート - Yahoo!ニュース,https://news.google.com/rss/articles/CBMiiAFBVV95cUxNSk5uQXJzaEpUV2tqWl9mdnFyUURUNWY1UW5BU0RhUjVBR1A5bHhkbFE5NmloSnNzRFktM2YxbUN0M3NIdW5fb2RFMnJTTTJHY2RucGE5TXFYZjdETk9JaWtGckxZRnprNWJoRVVHT3BhZGJQMlYtRnJ3RFVrOVJ1emFxb28zX1VN?oc=5,"Sat, 11 Oct 2025 07:00:00 GMT",2026-02-15T07:57:25+09:00
GoogleNews:コンビニ 新商品,コンビニ 新商品,【これはハマります！何度も食べたくなる美味しさ！】ファミマの新商品に歓喜！（キャプテン福田） - エキスパート - Yahoo!ニュース,https://news.google.com/rss/articles/CBMiiAFBVV95cUxOLVJWakU2Z3dyQWdaNlBOY2Y0dlZkTlJGblFQZ0hpa3FHMmJmVk1PUFBmYlFtaHltMmtucjZacm9oczFtNlVfQTVOVVlPZEJRVHEtSWRwOE9nOE5LWGZ3OVJxTmVTTVU4MkNkY2VoQlh3LTV0SjNCdVdVekV2TlZwRlR6N3hLYVdQ?oc=5,"Thu, 28 Aug 2025 07:00:00 GMT",2026-02-15T07:57:25+09:00
GoogleNews:コンビニ 新商品,コンビニ 新商品,【ジョブチューンで最高評価の名作に新味！】今週のコンビニスイーツランキング３（12月7日）（キャプテン福田） - エキスパート - Yahoo!ニュース,https://news.google.com/rss/articles/CBMiiAFBVV95cUxQM0JBb2lONWstREZhdTZvSkdSZTdkZzRmRnZJQXZ2Mk9BTElwcmR5NF9mZlVyS2E4bUg2Y1NNbUxXb29jVHlsb3BvcThackpqWmVNQ1ZjcWwxbF9Zb2JwLW1NOFg4RXB2NEo2WGt6NGpKaDVoVUEtaHZ0SFJCX2tyQmRqOTFmS3M4?oc=5,"Sun, 07 Dec 2025 13:05:27 GMT",2026-02-15T07:57:25+09:00
GoogleNews:コンビニ 新商品,コンビニ 新商品,コンビニで買える！この秋冬の新商品グミ3種類試してみました - シティリビングWeb,https://news.google.com/rss/articles/CBMidEFVX3lxTE96SXdJLWJ4ZnB1Z0tqbkk3OUd3N2cxRHFVUi1PMGF2QkRETTZTVXNwbG5fU2xZQ1pJcHlkUGwxMXo1ZExKUVQzNjZabTBqVmh0TUx5dURDQTdBTmh0bVBpMjVrbG9qU2Vpb1JsX204bVM1T3NC?oc=5,"Fri, 28 Nov 2025 08:00:00 GMT",2026-02-15T07:57:25+09:00
GoogleNews:コンビニ 新商品,コンビニ 新商品,【2025年10月】新発売! セブンイレブンの注目新商品スイーツ5選 - マイナビニュース,https://news.google.com/rss/articles/CBMiXEFVX3lxTE5uT1ZUUFoxRWdoemlfZjRtV1FCT09PWmxzYmhmUzFGM0x5MTViZmVNWDgzeldHN3NNTDRSZUpkUDNvSE92R295TkgzZ1Fubjc1SmFEZlpOYU0wLUpY?oc=5,"Mon, 06 Oct 2025 07:00:00 GMT",2026-02-15T07:57:25+09:00
GoogleNews:コンビニ 新商品,コンビニ 新商品,【大当たり出ました！これはスゴイ！】今週のコンビニスイーツ新商品ランキング３（5月11日）（キャプテン福田） - エキスパート - Yahoo!ニュース,https://news.google.com/rss/articles/CBMiiAFBVV95cUxQVXY2TEYyQ2RtVmlWQW1YLXhSR0NkN2VtQThEY0ctZDBwV2V1aU9yVnl6SFhmeHRsdUhWNDdqTFBJR190NUNZUnE3QjVBQmxmQ3BiUVJDMFMtYzhwSjMyX0tXT1pZOFE3Yk8wMXNXWFd4MHdGUVJnbG5ZTTBOY0JjeW01UDZ4MTE1?oc=5,"Sun, 11 May 2025 07:00:00 GMT",2026-02-15T07:57:25+09:00
GoogleNews:コンビニ 新商品,コンビニ 新商品,【パン売り場にあるけどこれはスイーツ！178円で美味しい！】セブン‐イレブンの新商品に歓喜！（キャプテン福田） - エキスパート - Yahoo!ニュース,https://news.google.com/rss/articles/CBMiiAFBVV95cUxNamFXYzdDamFLWEx1Y2V6ZmpLZUUxYV9qTDhaRzhGaTFRb25jWDBCWGxhQVRDMDlZREZwZXQzeWJ1VzlrclNBSnI4bXI5elIxV2hIM1E1Z3NRcnZSY3k1VWw2Y1gyY1p1NE9fMjhXWkdXVnp4blJMQ3NsbUFlZ1hpNFI4OVRFWV9u?oc=5,"Tue, 28 Oct 2025 07:00:00 GMT",2026-02-15T07:57:25+09:00
GoogleNews:コンビニ 新商品,コンビニ 新商品,"「コンビニエンスウェア」夏の新作を続々発売！ ブランド初のサングラスが登場！ 「コンビニエンスウェア」のタオルは累計販売数1,000万枚突破｜ニュースリリース - family.co.jp",https://news.google.com/rss/articles/CBMid0FVX3lxTE9GVXpJY05DMWtQMmlGZzRVY0NNOXo1NXRnaEpsY29TaVphOTVUTE9qQ2duakJvWkJrMnJQYVJfSk4xV1g1T0lHVjNaVUpxZXdlWDlPcU5MRzB3VkpJZG0wdjVSR2xxZkUyOS1uOUdFSlJrSVJjRnV3?oc=5,"Tue, 10 Jun 2025 07:00:00 GMT",2026-02-15T07:57:25+09:00
GoogleNews:コンビニ 新商品,コンビニ 新商品,「歴史に名を残す」　セブン-イレブンの“324円新商品”に称賛殺到　「今までで一番」「天才」「おったまげる」（1/2） | グルメ ねとらぼ - ねとらぼ,https://news.google.com/rss/articles/CBMiXkFVX3lxTFAzSHBqaFdEaEtONXZSUFBRSy1rWWExWXhOeWs0bXNyR2hNMS1Sc0xyNEdLSGtIcHFXOGZHQjVUVlJENXVkR3VWMnRaOUpLQ2FjSWswSUNmZDVINkRNTVHSAWNBVV95cUxQZEVZVzRVaTFYVUY5TktVdWFhU0dJWFByUnNQUDVwTm80QTdEd3YyZ0pqbTg0NVlGWlBCMWljckw5TjNJN3BvWjh3X2pXUVFDX1oyVjlxck5zUGY1SVdfYkN4djA?oc=5,"Fri, 13 Jun 2025 07:00:00 GMT",2026-02-15T07:57:25+09:00
GoogleNews:コンビニ 新商品,コンビニ 新商品,【コンビニ】セブン・ファミマ・ヤマザキの5月新商品＆おすすめ商品はコレ！今すぐお店へ - シティリビングWeb,https://news.google.com/rss/articles/CBMiWEFVX3lxTE5iTEJmNXRyR0NHaXltX3E3ZmpxZENaQ2hIZGIwWVFsMEo0dF84ZDhuOUxQbmIwRE44Q25YZldKclhFRkZFNm9DenNVSmxrZlowZEdtWDBXRVA?oc=5,"Fri, 23 May 2025 07:00:00 GMT",2026-02-15T07:57:25+09:00
GoogleNews:食　新商品,食　新商品,クリスピー・クリーム・ドーナツの春新作♡3種の新食感が登場 - ｄメニューニュース,https://news.google.com/rss/articles/CBMid0FVX3lxTE1WSGluRi0tMENjODBOa1cwWldhWXR6TkhIX2Z2VXN1eGY0czVRQnlTZFF3YnNlOVpvUDlWQ2Q5ZENqRS1QemZLdXB2TndzYjlCejQyVUdvNTY1M3VGeXNBVGdiQ0ZidzFTa0pyUnJqaG15YXd1QUg40gF8QVVfeXFMUFFHTnNWZnRGUHcybWY4QmdTaTJyRWNWSGtoS2ZISklUcm5wOU1DQnZ3X000N1BsYnlrdFk4NjVqbjdIN2NxTTM3VnBxNVlUVHlTOFNvaXpnME9SNXI2ajZyaVNZbEpOMnRWQ1ExMXNvWVk4VEt2ZE5tVUdJbQ?oc=5,"Sat, 14 Feb 2026 15:36:39 GMT",2026-02-15T07:57:27+09:00
GoogleNews:食　新商品,食　新商品,【マクドナルド】新作ホットスイーツ、ザクもち食感×カスタードのキャラメル風味ドーナツ - 食品産業新聞社ニュースWEB,https://news.google.com/rss/articles/CBMiVEFVX3lxTE14bktVbU5rWU5EVzlja2VmM0dDZmxxdVNjS0JNajJQekdtQXJFNS0yazdMMjlCemgtSnJkTE01ZXBSQWdOVGVyQl9OSUs1bUtaZFFjSw?oc=5,"Sat, 14 Feb 2026 10:29:57 GMT",2026-02-15T07:57:27+09:00
GoogleNews:食　新商品,食　新商品,魁力屋の新作「背脂生姜塩ラーメン」実食レポ｜“肉増し”が超おすすめ - ヨムーノ,https://news.google.com/rss/articles/CBMiREFVX3lxTE4zcmZaTDhOMjlESjV5dTlnd0ljZTEwOHBhTE90X3MyM05NaVZVNS1PaW00SnlBNzVLcGhIVU45RkF0ZWZz?oc=5,"Sat, 14 Feb 2026 22:00:23 GMT",2026-02-15T07:57:27+09:00
GoogleNews:食　新商品,食　新商品,【春先取り！さくら新商品】まるで桜餅！？優しいさくらの香り×しっとり食感を楽しめる春にぴったりなフレーバー！甘いホワイトチョコを練り込んだ『世にもおいしいさくらブラウニー』を期間限定で新発売！ - PR TIMES,https://news.google.com/rss/articles/CBMiakFVX3lxTFBNQ25lSjRRejZVT3ItbGItTkhtYkxhRFo2VFdVSU9jbktOR0prakRSV0JEMkk1WHpUTzVQbXM3bjY0OEVRcDhIWmpVSUNYVUdKSFBhSnNrWFNtVWppQklGbmplSkxuNVpPY2c?oc=5,"Tue, 10 Feb 2026 01:20:01 GMT",2026-02-15T07:57:27+09:00
GoogleNews:食　新商品,食　新商品,全国の日本マクドナルド店舗(一部の店舗は除く) - マクドナルド,https://news.google.com/rss/articles/CBMiYkFVX3lxTE1wemswQWJEckRpdk9ZMFRtQXJzRFdRdUxDN0ZlZ3hDMVEwcDlEWUk1UlBlZkg2MGFtWXgxblBZbkp3N2F5ZjVCVmtTcXJNWUFuRzFlWV9HX3BrTnp1dWljOTBR?oc=5,"Tue, 10 Feb 2026 02:53:12 GMT",2026-02-15T07:57:27+09:00
GoogleNews:食　新商品,食　新商品,クリスピー・クリーム・ドーナツの春新作♡3種の新食感が登場 - ライブドアニュース,https://news.google.com/rss/articles/CBMiX0FVX3lxTFA0YTQtVFBqQVM1aTZESHVJTWVMVHcybUJMbGZocnVxTk1DX0RVUzhweWJZXzMxMDZjeUlsbjVhZGxLYnJiV0lZN1F3ZzBDc3dHNlZOX00xT0JfRVRqcnBv?oc=5,"Sat, 14 Feb 2026 15:30:57 GMT",2026-02-15T07:57:27+09:00
GoogleNews:食　新商品,食　新商品,“ザクぽろ・ふわフワ・ほわモチ” 食感で味わう春ドーナツ3種が、ティードリンク2種とともに販売開始！ - クリスピー・クリーム・ドーナツ,https://news.google.com/rss/articles/CBMiSEFVX3lxTE16Q0lfZHVjUkw1a1hmbTE5THNnMVVYZHZ2TzZCRlB2SHpWRF9HYTBDOGh2amhxNm1QV3RybDlYdFpvUmpueHZlZw?oc=5,"Tue, 10 Feb 2026 05:03:29 GMT",2026-02-15T07:57:27+09:00
GoogleNews:食　新商品,食　新商品,「食」にぎわう納豆のまち福島市 消費額は2連覇 大粒の新商品も（朝日新聞） - Yahoo!ニュース,https://news.google.com/rss/articles/CBMif0FVX3lxTE1aRlkxb0lqUTlyY1lqSHZxZ2xPdDJvaXVuTHJLQWhnbzg0ajkycGlfajBsNm9VeDJDVWNOeE5yLTJGMTF1RlpMR2luUmJqOElvMS1scXFnbUsySEtYUFhHdXVxYXY5cUZCemk1X1g0Qk9sZkxUcUJDX1c5Y2VPT0k?oc=5,"Thu, 12 Feb 2026 01:00:01 GMT",2026-02-15T07:57:27+09:00
GoogleNews:食　新商品,食　新商品,セブンイレブン 新商品／中華まんのケースで「もっちり食感のチーズベーグル」2／17発売 - 流通ニュース,https://news.google.com/rss/articles/CBMiWkFVX3lxTE5ITWFVU25lQjZXUWk3aVR4QmdpZk1DcnBQMlgxQlhxRFBYMHdXR0JzaUV5Zl9FYmk3b3lDTFl5OE9nR3FLVHFSdjVFX0JKby1xRTlqbFdNcGQ5dw?oc=5,"Tue, 10 Feb 2026 02:45:00 GMT",2026-02-15T07:57:27+09:00
GoogleNews:食　新商品,食　新商品,＜新商品＞GONNA DAYS東急吉祥寺店に待望のライスボウルが2月21日に新登場。ロサンゼルスの食文化リサーチを背景に、ハワイのボウルカルチャーに着目し開発。 - アットプレス,https://news.google.com/rss/articles/CBMiT0FVX3lxTE1qQnFxYVh2SVgwbWVXTnlsNkd3YXpJVzRGVGRCU3p5V1cyTW5nWlpCRWg2bk16SW9mUVhPUUVVMmpmUXo0WGZHeWdxemlMTGM?oc=5,"Fri, 13 Feb 2026 02:15:00 GMT",2026-02-15T07:57:27+09:00
GoogleNews:食　新商品,食　新商品,カリカリ食感がたまらん。【ハーゲンダッツ】新商品が美味すぎてハマり中 - TRILL,https://news.google.com/rss/articles/CBMiT0FVX3lxTFBhMW9jUDEtZWxaZFNfZVZ4MlNKTVZHWjNRRGxsYllPMkhzbUZ2WW02aXZxbU1HVDg4RmF3Z3hsRlNHMFRibW9Eb3FsU2xtbWM?oc=5,"Thu, 12 Feb 2026 08:24:30 GMT",2026-02-15T07:57:27+09:00
GoogleNews:食　新商品,食　新商品,朝食にしたーーーいッ♡【スタバ】の「新作フード」が気になる！ - ｄメニューニュース,https://news.google.com/rss/articles/CBMitAFBVV95cUxQMkgtSDFSdkZaWTM4emtQZE9MWENWSTFSdUVLVlZPOHlpN2JMZmpjcGk3aHlrXzBUc2VXVGJjY3BRbFJoSzlCY2x2MnZrTjhNVWk1RHQ0MlFlQTZGMm9FcEVPX2R3UDNkYWIxcXk3WEZlMXlLMkp4ZjZGRXVJa2tGYWpGZWVjS2VtZ0t5LTZlYjlDMlU4eU9LSFJSWjBnXzlncExUWjhBOFg4d1NVb2NjNkQtaHPSAboBQVVfeXFMT1kyaHpqWHhZQjVxSGhQMTliM295R0huYlN3Z2hrN3Y5OElxTTVBSElmeGwyUFhhNHYyanhKVGNnTF9jYUJOcXI0UVZQSmc4WWFwQ2VHeWRTdzB0VGFueTIwLUlHNWJUOVBHaHpwbUdEUjVmM0RqaG90X0NLc3FqWkNjMXd5MWV3SU5sTG05S2l3S0VnQkVZT1VfX0NYT1lJVDBxWWNEVzQ5Z1p1N1pTT2NZVFgyUy1HQUJn?oc=5,"Sat, 14 Feb 2026 11:05:00 GMT",2026-02-15T07:57:27+09:00
GoogleNews:食　新商品,食　新商品,フジパン新作 クレームブリュレケーキを実食レビュー！再現度は高い？（相場一花） - エキスパート - Yahoo!ニュース,https://news.google.com/rss/articles/CBMiiAFBVV95cUxPdVdjNjVNMDFWTFh2bTBiTDJfS2phZXFLMjhnemkyQ2F4MTdOaVZZcXhSRUFiNnpmQ0wtVlo5TGlzelNZVmRZM0RjdC1ZMVNRZmEwVHJHeU5kbkVncVQyZWJrZWxFSnNkV0RhQnQ0V1hpQ3ZKRmwwTHZMZFVHanJDbUN1aEwyMXhx?oc=5,"Fri, 13 Feb 2026 00:45:22 GMT",2026-02-15T07:57:27+09:00
GoogleNews:食　新商品,食　新商品,【新商品】ブールミッシュから季節限定“サクサクとした食感”と“まろやかな甘み”が特徴の【苺のクッキーサンド】が2月1日(日)より順次販売開始！ - PR TIMES,https://news.google.com/rss/articles/CBMiakFVX3lxTFBZcTdJVFlkT1FLWGFoa1lvenZaU3hQblF5Q3NqUHNRMU8wb3pseHRzbEpDT1NaY3ZoYzh4bkNMdjl1Z3A3N0FkSFpzY1RmWFRCa1JXczY4LW5FbVhYNWpnYV9Ibkx4QjJOZ2c?oc=5,"Fri, 30 Jan 2026 08:00:00 GMT",2026-02-15T07:57:27+09:00
GoogleNews:食　新商品,食　新商品,優しいいちごの風味とパリッと食感のチョコが良き！【ローソン】もち食感ロールの新作！ - TRILL,https://news.google.com/rss/articles/CBMiT0FVX3lxTE1JZEhMSFQxNExLQTJETXFRTV9YbmFMUmtjOHlRWDBEZmphQ09iMFp4YnprZWhJWHVTalpBbjNNWWdsc1YySmRjQU5OTGdCVVU?oc=5,"Thu, 12 Feb 2026 03:15:24 GMT",2026-02-15T07:57:27+09:00
GoogleNews:食　新商品,食　新商品,「しあわせ食感」とはこのこと♡【セブン-イレブン】ティータイムが華やぐ「新商品」 - ｄメニューニュース,https://news.google.com/rss/articles/CBMiogFBVV95cUxPS2xKTExlYTYtX0FsYVpLMEtSRDdMcTE2WXVrMjJWdXRjUGJOeDAxRU5EbWxfeW9vY3F3ekJkUEVFdGFLSGJxUjFGZDF1WEwta09rYlNkMi1sY2lFNko1NlQwUHM5MGQ5WDBSRnloU3dFWVctUHFoRzhFQ2hvLW1aNXc2N2U4Z0czNzg3eDItNGVtME9ING9rYkFaZ2VOSGYtNmfSAacBQVVfeXFMTTlpYnc3bXYzRThMZEF4bDNWMkpfNVVjMHZtbVl5cTRwczl1WF9IQXY0UENlbkV2V3pmcWJRcTRyeUZ4cXkwOWtLaXRLQUtSOG9xZmpueUh4TDVkTl9aSy1jaVdINW0xd2dNLUpHenluQVZpVGVfM2F3Tk93a0x5M1FBR25VdzJfakpoQWFKbXJXOURrX21QXzNUXzRtMHBKVUF6Q2NtX2M?oc=5,"Sat, 14 Feb 2026 00:03:00 GMT",2026-02-15T07:57:27+09:00
GoogleNews:食　新商品,食　新商品,セブン-イレブンから新登場!! ベーカリーコーナーで見つけた「話題の新商品」がコチラです!!（いぬきち） - エキスパート - Yahoo!ニュース,https://news.google.com/rss/articles/CBMiiAFBVV95cUxNWGQ1VmdWb21qMjZVMkp0a1lXOHB4LTkwak44OTJad3FLcFVKQzJ1S29GOVU2Wkx6M1UxSF84S0hnRVVkZ056YnduQmdxLTdwQnFWRUdxRlhLcUZsRXZsR1gzdVRtajNEZTF5UWhzMnRwVGl6Y1loa2ZscUc2dEVSRlVOMDlLV2pl?oc=5,"Thu, 12 Feb 2026 22:00:55 GMT",2026-02-15T07:57:27+09:00
GoogleNews:食　新商品,食　新商品,マクドナルドに話題の人気メニューが次回登場 6か月前に食べた感想（進撃のグルメ） - エキスパート - Yahoo!ニュース,https://news.google.com/rss/articles/CBMiiAFBVV95cUxNMlpPbmtDQUxlWFkyLVFFZ2JMUUlhcEg2a1U1cV9TRXVJeks1TUlMbE5sOGxoYnBKdG5CQXBLR3VEX1BXV1M4a2hhMndpNFl0VzR4bGtfbHlYMzdfVGtUWm5OQzBoZmRfczIxVFYtQU9xMUZub3FqZ3AyLXEzeFdlZGhVZkQ5anJw?oc=5,"Fri, 13 Feb 2026 03:49:43 GMT",2026-02-15T07:57:27+09:00
GoogleNews:食　新商品,食　新商品,【ミスド】「ショコラフレンチ」12年ぶりに復活販売 「エンゼルショコラ」も ザクザク食感の新メニューも加入（オトナンサー） - Yahoo!ニュース,https://news.google.com/rss/articles/CBMif0FVX3lxTE9pN1RYUkFibmFUNWFHX01zdVFQNXdLSWY3SWVHc1F2YVZWblNhZ0hRM2l1cjg0b2paejVucEdXMTFkZXRwSXlPZmNLcUtheGk4aTJmWkpaSFRHT0JnVGtQVnJhMGZNXzR3Q0Nhb2hTN3luZHF5TWNkRV9GNDF0aTA?oc=5,"Thu, 12 Feb 2026 10:15:00 GMT",2026-02-15T07:57:27+09:00
GoogleNews:食　新商品,食　新商品,【セブンイレブン】「もっちり食感のチーズベーグル」発売 中華まんのケースで販売 - オトナンサー,https://news.google.com/rss/articles/CBMiSkFVX3lxTE8tV0JVNWNCWFFWYzNvTHlzREE2eW1zQ0J1QzNrY25wQW5UNC1pVV9vc2ZqWkFTa25telpFc2dtNEhCTUpzZV81XzNR?oc=5,"Thu, 12 Feb 2026 03:30:28 GMT",2026-02-15T07:57:27+09:00
GoogleNews:食　新商品,食　新商品,ひかり味噌 2026年春夏新商品発売 『選べるスープ春雨 オルニチン入り 10食』 - PR TIMES,https://news.google.com/rss/articles/CBMiakFVX3lxTFBCYzJQUzc1YXVUdzJ1dXQ1WVROV1pnU2tGbW5vUDFuNUs1c3dqVVJHUU5lb19pMXJYOExaSUlSQnZHN29oTEJjMmZiT291dE5FMlVrc0RmdElpbHB2cXdwRGdYSHhNa3k0S0E?oc=5,"Thu, 22 Jan 2026 08:00:00 GMT",2026-02-15T07:57:27+09:00
GoogleNews:食　新商品,食　新商品,"【クリスピー・クリーム・ドーナツ】""ザクぽろ""新食感のクルーラー生地が新登場！春ドーナツ3種、ティードリンク2種も同時期発売 - lasisa.net",https://news.google.com/rss/articles/CBMiREFVX3lxTFA2VzB0T0EtTEsyTXVNVGdJN1FGUkxnb2QtSkxHc0dHazNIa0dFdFI5T0NzWXRPYlFQZF9LdHVIQXZHX3Mt?oc=5,"Thu, 12 Feb 2026 04:04:56 GMT",2026-02-15T07:57:27+09:00
GoogleNews:食　新商品,食　新商品,「ワタミの宅食」が業界最安値に挑戦！1食450円の低価格帯宅配弁当「好い日の御膳」が新登場9月15日の「敬老の日」より全国で注文受付を開始 - PR TIMES,https://news.google.com/rss/articles/CBMiakFVX3lxTE9QUmpfLVYwWWM2SVZXRURqaTRmaVYxU2lnelpGeUhwZjJXWFFnZHY5V0dZYTlfR0tKSjhFRkRDRC0yTlR1bjFzM3FrQkpxa3FLWVJuRFdiOHp3Q3dzUl9CLVRYd0pHSEVRYXc?oc=5,"Thu, 11 Sep 2025 07:00:00 GMT",2026-02-15T07:57:27+09:00
GoogleNews:食　新商品,食　新商品,高齢者向け椅子の豊富なラインナップを展開する健康家具ブランドEMOORより、“食事のしやすさ”と“食後のひと休み”を両立した新商品『食を楽しむための椅子～みのり～』が登場 - PR TIMES,https://news.google.com/rss/articles/CBMiakFVX3lxTFBPQWI0RjlhbDFYMEUyRlRqY1JBZDc2ZEdwNFZ0Vi1PSlFWR3IxU1ZtcDlmVnZGQkd4dVRjZWw5ZHlHMV9JUFJGZmpRNm1JZ3psZmszMmxna1JSeFhrQUFRbElaaHNnbW5OcHc?oc=5,"Wed, 04 Feb 2026 08:00:00 GMT",2026-02-15T07:57:27+09:00
GoogleNews:食　新商品,食　新商品,ミニストップ「572円の新商品」を実食 一度食べたらやみつきのおいしさ（進撃のグルメ） - エキスパート - Yahoo!ニュース,https://news.google.com/rss/articles/CBMiiAFBVV95cUxQUDdrZEloUkZ3dHRoSG1Oc0xpcGJNQnVmVHlUX1lIT1JuT2Y1dGNGREc5anFOa3MwNldwUjR2V3RmQVFxeFNrMzc5c3dZT1RMbTlabWZ1NV9tYkpUOHRxMFV3NmVSR2ZYLTVqSUFXM0hPWGw3SndXT19xOWg2MFJ4TDc4eWlOZkRp?oc=5,"Mon, 02 Feb 2026 08:00:00 GMT",2026-02-15T07:57:27+09:00
GoogleNews:食　新商品,食　新商品,ローソンで話題の新商品（365円）を買ってみた また食べたくなるおいしさ（進撃のグルメ） - エキスパート - Yahoo!ニュース,https://news.google.com/rss/articles/CBMiiAFBVV95cUxQWklTdk5XZzdiSXRFd1J1ZEdOZHg4WjJ3blhVSEpYZERFdDA5YktnOTFSYWEydzFnUXB2MGZfMUswWDlVYVpKTEpRQmN6OTJNUXUzSkExeUt5SUVFQ0NEa3JDZVNaaVhGQ0NPVlpCeGhDeU9pd1FldHVNMmNndUc5UkJWSUdUS0dO?oc=5,"Fri, 06 Feb 2026 08:00:00 GMT",2026-02-15T07:57:27+09:00
GoogleNews:食　新商品,食　新商品,50％増量した「盛りすぎ」がローソンに登場 お得な新商品（130円）を実食レビュー（進撃のグルメ） - エキスパート - Yahoo!ニュース,https://news.google.com/rss/articles/CBMiiAFBVV95cUxOb1QtWjk3bGZzeFFla2ZocDMwcnJJdHFXVTZGYVVFa2ZsT1pHYi1PcWNURlRZRGV6bHRPQ0RPcUhneGhDbVVtQ1Q2eEVOYmVKLXBJT3lhdy1UdmhMNGMwWWlsQ2JnQ2dJenpkV1RtZ0hjQ2VudGZkZndLaG1RZnNZODlXZ0FFZjJu?oc=5,"Sat, 31 Jan 2026 08:00:00 GMT",2026-02-15T07:57:27+09:00
GoogleNews:食　新商品,食　新商品,おやつカンパニー・春日井製菓・UHA味覚糖・カルビー・ロッテほか 食感・コラボ・機能性で選ぶ、2026年2月最新 人気お菓子の新商品＆キャンペーン注目情報総まとめ - えん食べ [グルメニュース],https://news.google.com/rss/articles/CBMif0FVX3lxTE5Jd1NDSDhJTkJ2QzRwQjF5a0d5MUxlN29adlE5ektmenhoRkp6dWxHaGIzdGQwV04wbnJQcWdPWmtvRjhWN3dFVFhYclVZTVdWbFg3ZDl1Q3hQMFZCd2RzVHNlWFpjMjE0M2txeFQ3RTdJakpTN1NkOE5DVGJPZzQ?oc=5,"Fri, 13 Feb 2026 09:30:00 GMT",2026-02-15T07:57:27+09:00
GoogleNews:食　新商品,食　新商品,いなばペットフード 冷凍ペットフード取扱店舗検索マップに新商品追加！ - PR TIMES,https://news.google.com/rss/articles/CBMiakFVX3lxTFBlM0JZQ21oaHctaGlJaTUtUFNDXy1JZHRxdjVrUUZfWlRDV0UwM2FvN1FSV1Qyck1XYTlMRTJRY3ZiMExNbkZNUGVZUV95SWJpSXRaQm12NWF1YzN5aU0xRGhJQmZ1TGFSbFE?oc=5,"Mon, 26 Jan 2026 08:00:00 GMT",2026-02-15T07:57:27+09:00
GoogleNews:食　新商品,食　新商品,宮城県とビビッドガーデン、地域食材を活用した冷凍宅食の新商品を開発。商品開発・販売の知見を県内事業者へ共有 - PR TIMES,https://news.google.com/rss/articles/CBMiakFVX3lxTE1FbmhGS09Hai1famlDV1pvalVBMEhGczBqSlVWWFJ0YWNJcGs0OEZTaUpnQWpiUDZ1bWpEWkllcDFwRk1NZF9zVDE0VEJSWEZHMTlhS3QtSnFvalh0ZDdaQVhaZU5GbFlsTEE?oc=5,"Thu, 15 Jan 2026 08:00:00 GMT",2026-02-15T07:57:27+09:00
GoogleNews:食　新商品,食　新商品,【一番安い！お得！】ローソンに「118円の新商品」が登場 食べた正直レビュー（進撃のグルメ） - エキスパート - Yahoo!ニュース,https://news.google.com/rss/articles/CBMiiAFBVV95cUxPem9ZeHpueHp3c3dXTkRqOHJlYWxsRVRVSWxPbnhpWXpWWFBhWjBZal9pTHJ0NjBLSm1WYzlQVF9LWkY0WDN6QzJrcXh3cjlOVHhqd2FKZG02LWNlOUtDaDlkU3cxNE1XQ0c3bGdNMTZWdjg1ZmxQZEdpZmNyS01NUVI4REN3aDBk?oc=5,"Sat, 07 Feb 2026 14:16:38 GMT",2026-02-15T07:57:27+09:00
GoogleNews:食　新商品,食　新商品,ローソンでお得な新商品を買ったら、30個入り204円だった（進撃のグルメ） - エキスパート - Yahoo!ニュース,https://news.google.com/rss/articles/CBMiiAFBVV95cUxOWXJRQTBxbVowODgwaWdXeTNaNFNVeTZBVlpIaDVtWVYxRmEzN29QLVU0YzlNT1Bvc1gtc3JxeWRwTGhjTXZCM3pjeWJBM2tNQlVjUmpHQkZONFFKVkQ3bkt2UmZZUTd6MjN3elBWcWxCMnNoeGsxQS12ZDdXX01MMThpdWRmM2lt?oc=5,"Wed, 28 Jan 2026 08:00:00 GMT",2026-02-15T07:57:27+09:00
GoogleNews:食　新商品,食　新商品,【スタバ新作】スターバックス「2026年の新メニュー」6種類を実食 また注文したくなるおいしさ（進撃のグルメ） - エキスパート - Yahoo!ニュース,https://news.google.com/rss/articles/CBMiiAFBVV95cUxQZlhqSGJ0aGxGSVVCeTByc0RSSnF4dUV0bDNDTWpQdEY1dHN0TmdESGJ1VTVzbjBGUlpjQlBjOXhmaHZNNjNOZW1BVnAtd0dLVHNxRGgxMmk5Z0dnRktFVGZFNFMySjlVdUVVX3E1WTNoTkgxbS15NTlxQWdWT2ZJTEVzOXlmWGZn?oc=5,"Fri, 30 Jan 2026 08:00:00 GMT",2026-02-15T07:57:27+09:00
GoogleNews:食　新商品,食　新商品,【新食感】がってん寿司だからできる。国産米を使った、もちもち食感とやさしい甘みの「しゃりもっち」から新フレーバーが登場！そして新たに開発された新商品「しゃりんとう」も登場します！ - PR TIMES,https://news.google.com/rss/articles/CBMiakFVX3lxTE5rZ2pkRnFTLUVtWmZ5MjBoTWwyMjZFc2pINVNBUkhUU1FEelQ1SjBpU1d3djUwcVRTNVFQcUZSYkJOOGFaa3AwWjhabGduMnN0QmFQdUowdXNfbnNaWXpSQW1ZeEVaMHpiZ2c?oc=5,"Thu, 04 Dec 2025 08:00:00 GMT",2026-02-15T07:57:27+09:00
GoogleNews:食　新商品,食　新商品,ニュースリリース - ニッスイ公式サイト,https://news.google.com/rss/articles/CBMiVkFVX3lxTE1yUmwwZWJadmZZeGdHRnN5TmJ3WktHeFpKMGp2cVRpOWs3VUVwamllU0huc19WWFBiOHNxa2lYakNZT3ZBUGNIUTZVRktIY01UMjdyM2dB?oc=5,"Wed, 16 Jul 2025 07:00:00 GMT",2026-02-15T07:57:27+09:00
GoogleNews:食　新商品,食　新商品,ローソンにお得な「大盛りスイーツ」が1年ぶりに登場 また食べたくなるおいしさ（進撃のグルメ） - エキスパート - Yahoo!ニュース,https://news.google.com/rss/articles/CBMiiAFBVV95cUxNeGN1dU54aUZIZEpKUzNKNTgwWm8tSlhHV0NqZTQ0MUpuOVdxRW56bndYbTdCcEZxSmhxVnRSZ255Xy1yQmRUNXZOUFVOa2RiLVQ0TlhjSkFPWjlIZ1BaeERrby13OXY5WVl0N2ZzdGw1WlRxbGZXWDN5VnhZRlNYOTlfVDBxem0x?oc=5,"Mon, 02 Feb 2026 08:00:00 GMT",2026-02-15T07:57:27+09:00
GoogleNews:食　新商品,食　新商品,【すき家】話題の新商品（340円）を飲んでみた感想（進撃のグルメ） - エキスパート - Yahoo!ニュース,https://news.google.com/rss/articles/CBMiiAFBVV95cUxNX1pQdVYxaGpLdjlrRDBnRncyaXV6MzZsblE4UGM1UElfZUkxdXRkNm9BcFNfRmcwNHEwYkt2UXNaMGZhTjBEc3A4QmNYNzJCblhOVEVadVZSQ295dnFVcHFqdG5tQU9KMkg3TEl2Q3UzY0dhM3hfV2Rma2lDVmtPdWJwNHFNU0dZ?oc=5,"Sat, 07 Feb 2026 07:24:56 GMT",2026-02-15T07:57:27+09:00
GoogleNews:食　新商品,食　新商品,スターバックス「590円の新商品」を飲んでみた感想 バレンタインシーズンのスタバ新作（進撃のグルメ） - エキスパート - Yahoo!ニュース,https://news.google.com/rss/articles/CBMiiAFBVV95cUxOODVOWXQ4Mk50cm1hQmxfdnVOdlJDUkw0ZUdEZ0VMVl9yWHJibGs3cGVQTWhVYVFnamtMbHdvUnY0cUtrLXFlNlhWbkxFeTFuMWcybXZnTjNPVWZlYTN2WkdtRlNyeFh2RFN5czhRTWJBTFhPLTN1ZmswV1hOZHNNZW9RZDJzZGRH?oc=5,"Tue, 03 Feb 2026 08:00:00 GMT",2026-02-15T07:57:27+09:00
GoogleNews:食　新商品,食　新商品,いなばペットフード 2025年秋の新商品141種発売決定！ - PR TIMES,https://news.google.com/rss/articles/CBMiakFVX3lxTE9lYzBfdE93RzlOZm1Ib1Fvcnljbk10WktLNmhjSEhFR05ULXhpaWRReE9seU5KU0F3U3MyRkNFc1k5X2NJQURuaG51NmFLdWhxY0NPbnBJdk9QdExobTM1RDBzLWNSazR3M1E?oc=5,"Tue, 30 Sep 2025 07:00:00 GMT",2026-02-15T07:57:27+09:00
GoogleNews:食　新商品,食　新商品,【新発売】保育園の栄養士が監修したレトルト幼児食“牛肉と香味野菜のミートソース”など7種類を発売！ - PR TIMES,https://news.google.com/rss/articles/CBMiakFVX3lxTE5McHpKT0Z0bmVqb3hLNE90c1UtQjROd0dVdmhocDd3V1JlN2NoRkJLb2lyd2VlbC1iZ3JxX2FUdFo1VHRNbHB3RUxrbTAyWF9yZFgyQXZIRjVRaWI5V01uanZPWFV2UWNOTkE?oc=5,"Thu, 24 Jul 2025 07:00:00 GMT",2026-02-15T07:57:27+09:00
GoogleNews:食　新商品,食　新商品,「ワタミの宅食ダイレクト」に待望の新シリーズが登場！「満足ディッシュ」新発売！ - PR TIMES,https://news.google.com/rss/articles/CBMiakFVX3lxTFB6LTRkb1dQcU0wTWdZYy00d2NOQ1UwYkRFajRoRkJLbE5MSmpiRi1GdzhtNENkR1duTWRCZURWR0dlUlZXaGtwZGJydnJPUXBvQ2dQdWZVd0lyY0FESndGb3RRWDRrLW9sSmc?oc=5,"Tue, 07 Oct 2025 07:00:00 GMT",2026-02-15T07:57:27+09:00
GoogleNews:食　新商品,食　新商品,新商品『まごの手ソフト食』—業界最高水準クラスの栄養設計。おかずのみで1日あたりエネルギー740kcal・たんぱく質40.8g、11月11日（火）より全国販売開始 | グローバルキッチン株式会社のプレスリリース - PR TIMES,https://news.google.com/rss/articles/CBMiakFVX3lxTE1xcnNHcHVCalFzendmSXN2azYwWTU0MzZIOUxEcEZaU3VNX3lJWmE5NG9PUngyNHd3VlotS3VHTnJLczRpWkItcjU1YS1Tb0I2MVQ5MFFxa3pPT3lBd0lkZjlOVm8yMmFDUXc?oc=5,"Fri, 10 Oct 2025 07:00:00 GMT",2026-02-15T07:57:27+09:00
GoogleNews:食　新商品,食　新商品,アマムダコタンに新作登場！生ドーナツとは違う新食感の「レアドーナツ」を食べてみた - ウォーカープラス,https://news.google.com/rss/articles/CBMiVkFVX3lxTE9HemFHeGtxYlFVMVNaRWh1ekgtaDdoc2E2OU1qY05SZzMtYWtoNkMtcHV1R2JyeTdpclptVXRsR2NDeWlOYllwUXI3UTZpV3oyMmx3ZHR30gFbQVVfeXFMTjhNNlQ1MWtucXpCWnFWeTZXU05NWTBwMGtkS0pQX0dmOWNta0ozNU9mbVlhX01iY1lVZkdVXzBrSUhSZXVtdF9lTnluVTVTYjQtSXFoOE5NcFNpTQ?oc=5,"Sat, 31 Jan 2026 08:00:00 GMT",2026-02-15T07:57:27+09:00
GoogleNews:食　新商品,食　新商品,ワタミの宅食が新商品を発売 高齢者に寄り添う「一食450円」の挑戦 - ダイヤモンド・チェーンストアオンライン,https://news.google.com/rss/articles/CBMiZEFVX3lxTE9jQ3I0UUxCTHJWS0VLRmFrSnR1WTZvSjNaU0I0ZXpxdmN3d2c4d3YwWXVqYTZORGc4eUNIUE43WHBfMGNPcXhJaDV2b2tjbXF0ZnY4bXp2bmdTRUtxOGJRcG03dXU?oc=5,"Wed, 05 Nov 2025 08:00:00 GMT",2026-02-15T07:57:27+09:00
GoogleNews:食　新商品,食　新商品,2026年2月限定メニューが「ビアードパパ」に登場 新作シュークリームを食べた正直な感想（進撃のグルメ） - エキスパート - Yahoo!ニュース,https://news.google.com/rss/articles/CBMiiAFBVV95cUxOUHZuREFnaE5iYU0yUVNRNGNmR3U2R1hBY2pvRHl2WVlDRkNMZmMzLXVFeWN4MFkzNktpOEtsbkRwLW44Q0laZnhsWmdVaXJ3ZjlLd0FRaXRrQlZNd29GTEEyNWVwV2h2ZjNYLWNTQWJoM0o2UE9PNzVnZ1FhS091OU5BQ3BxQXFq?oc=5,"Mon, 02 Feb 2026 08:00:00 GMT",2026-02-15T07:57:27+09:00
GoogleNews:食　新商品,食　新商品,「袋 やきそば弁当 中華スープ付 ５食パック」新発売のお知らせ - 東洋水産,https://news.google.com/rss/articles/CBMie0FVX3lxTE1VUzBNVUpRLU9DQmt2Ti1qaDRyR21uUUk2QVlVbVRtOG8wdDBxbHNFTDBrNE5uYzhlRFljT1ZRSFNMckFSMVFkN1hxQm55QXdDcWsyWGRmdEFfVzNjdjBDYk5GT2NOZTNDSFF1eXdMTDBWaXgyNTFwS3A5OA?oc=5,"Mon, 20 Oct 2025 07:00:00 GMT",2026-02-15T07:57:27+09:00
GoogleNews:食　新商品,食　新商品,【トレンド発信】2025年秋冬『新商品グランプリ』結果発表！ - PR TIMES,https://news.google.com/rss/articles/CBMiakFVX3lxTFBZU05JNjZrWWlFVnp5Uk00bUxLT0ptekhQSEJ0SURpUWFQMUowdTBScjBPM0xhSEN1TG9CUWMwbXJ2ZWYyd1VocjZ0V2xjbzV6R2NpX0xLMXJud0ZvVVkzeENxYnJxLWxybFE?oc=5,"Wed, 27 Aug 2025 07:00:00 GMT",2026-02-15T07:57:27+09:00
GoogleNews:食　新商品,食　新商品,モスバーガーで「350円の新商品」を注文してみた 一度飲んだらやみつきのおいしさ（進撃のグルメ） - エキスパート - Yahoo!ニュース,https://news.google.com/rss/articles/CBMiiAFBVV95cUxOdjNGdjloY01NOUJBV3Bza3VDYVF0V1RHOGw5NDFnRkFsT0FNdDFuMjBrZ1VNMGplWUgzaFdkQUxvaWJDS2xGTVM2VHBmaDNSTGJKSEJBMU5MMFZNRlV0aHdXLTBTYXNHOVhJYmdpbTZiRmdUT3lnZE1wYjZVTVl3cXJlTnBPbk5v?oc=5,"Fri, 30 Jan 2026 08:00:00 GMT",2026-02-15T07:57:27+09:00
GoogleNews:食　新商品,食　新商品,【マクドナルド】話題の新商品が最速で販売終了 発売からたった1日はマック史上初!?（進撃のグルメ） - エキスパート - Yahoo!ニュース,https://news.google.com/rss/articles/CBMiiAFBVV95cUxOWG1JZlppeFkyZHhIY0NIX2dEWXFEWC04dE5QMk1BWTlnT2FzbHN3QVR0NVhieHZhRE9BaGt3Vmd2bFhNeDZFYWlreGNIdnZGSmZudVlvSy1ZWVdjNEVOQTYtQU5JQ0syMHBJZVgzQWc5ZjQzMFBzWWtaM0QwWnB4UDZzN0pDcVhO?oc=5,"Thu, 22 Jan 2026 08:00:00 GMT",2026-02-15T07:57:27+09:00
GoogleNews:食　新商品,食　新商品,2026年に起こりそうな食のトレンド5（ELLE DIGITAL） - Yahoo!ニュース,https://news.google.com/rss/articles/CBMif0FVX3lxTE5oNGFYTjZFemVxTl82ckJCenUzSWFyUHJkTG9TSDV5MlUwVWQwN0pEdGU1NU8wTE0xX29CelV6UURjTFdoaFFhNy1ma0RtV1FUSFlUdXhvSFF3cUg5V19YMGhEOEZqZE9keHV3S2ZQNUtMV2hfdFNKeDAtb2ozMVk?oc=5,"Sat, 17 Jan 2026 08:00:00 GMT",2026-02-15T07:57:27+09:00
GoogleNews:食　新商品,食　新商品,【食の５年後を先取り】“もしも”から導く新アイデア『未来商品カタログvol.5』公開開始 - PR TIMES,https://news.google.com/rss/articles/CBMiakFVX3lxTE1BU1NNY2NFZ2ZBc0dVMXpEazhBTUJ6MVlORHkxV3B5eE1YMWg4M3ZKSl90anFZV3hCUWFDakdXLUVLTUhYTm94MVZ6MEJremhiY01vODBoaUh6T21HY2c3eUFudURsYWhqRlE?oc=5,"Wed, 01 Oct 2025 07:00:00 GMT",2026-02-15T07:57:27+09:00
GoogleNews:食　新商品,食　新商品,スターバックスで「590円の新商品」を食べた正直な感想 贅沢なおいしさに感動した（進撃のグルメ） - エキスパート - Yahoo!ニュース,https://news.google.com/rss/articles/CBMiiAFBVV95cUxPMWFRY0tmUEFUQWNfZVlVSDBaSkJYZ3d3X2FDUlRfZGVJR3JSVmsyejh6aUZlMTdpa2F5U1RNblVoSUxTbk5BTV9FNXc1OW1iOHhORS11LXZPYW9ZUWJkQjNzNWdpbFkyM18xZjN4dUFNdXNtMGtJN1V1U3R0R1lyWlNkRklrZ1Z1?oc=5,"Thu, 29 Jan 2026 08:00:00 GMT",2026-02-15T07:57:27+09:00
GoogleNews:食　新商品,食　新商品,共同プロジェクト「FRIENDLY WORKS」始動 「食を愉しむ」をテーマにしたGLホームからの新商品『GL DINER』を発売 - PR TIMES,https://news.google.com/rss/articles/CBMiakFVX3lxTFBuT1BzaGVqRThtdF8zXzE0UnlzSnhaVDctTU5VajBWSkFMaExybEJKVnJMSHR1TVRDWlFWM0lsYW1RRmZmUlRfeHI1aTFteTdHS2xORHBDRTU2NHVDUFVSM0lBN19LTXQ3ZEE?oc=5,"Fri, 26 Dec 2025 08:00:00 GMT",2026-02-15T07:57:27+09:00
GoogleNews:食　新商品,食　新商品,沖縄発・スッパイマンが“鶏皮チップス”に。おつまみ新商品が全国発売中 カリッと食感×ほんのり梅味のクセになる味わい - PR TIMES,https://news.google.com/rss/articles/CBMiakFVX3lxTE9lYmxtRmlyT2V1TkVfdVplMjZJX1B3bUJDeWl3SWMzTUR1U1dYRVBRRV9qR09TR1k1Mnc3dEtQSFdjYjMyeVA1OUNSM1NKNjVzU2duaW9vcVdPQWhHY3VJSUhrX2RiOE95Tmc?oc=5,"Tue, 09 Dec 2025 08:00:00 GMT",2026-02-15T07:57:27+09:00
GoogleNews:食　新商品,食　新商品,【新商品】生ドーナツ専門店「we♡donut」から生フレンチクルーラーが新登場！ - PR TIMES,https://news.google.com/rss/articles/CBMiakFVX3lxTE5paFIzeUY2UWtNQ05aN1preGJxaFlDTDVwUkI0T2RvcWRua092aHZtYnBSS2Z6dkFQYXpZSEFGa29XSzJ0RUhpNlE3b19ubms2Z0o3aktYQ0hYVjFpWjJEQmlIeHNSb05vRFE?oc=5,"Fri, 26 Sep 2025 07:00:00 GMT",2026-02-15T07:57:27+09:00
GoogleNews:食　トレンド,食　トレンド,クックパッド「食トレンド大賞2025・食トレンド予測2026」を発表 - PR TIMES,https://news.google.com/rss/articles/CBMiakFVX3lxTE8xdHRCeHliOFlnUm9LZmt3d2MxdlVORDNfYjFLc0NoV1lNZmlXdVVzVDEyWkpTVDRsYVMzN1g3NVJETEZYV0hLbTB1Wkk0R2laQURDWTR1WG5aS081OEk5azBjcG1keFhrM2c?oc=5,"Wed, 26 Nov 2025 08:00:00 GMT",2026-02-15T07:57:29+09:00
GoogleNews:食　トレンド,食　トレンド,2026年に起こりそうな食のトレンド6 - ELLE,https://news.google.com/rss/articles/CBMiqgFBVV95cUxOX2huSGpFcXllOURDMF9uMVVwY2kyb0Q2UnZkVURkbmkxcFktemNwLVB0d0RkT0wyRE9NZms1bDFkalpMYWd1a290ZUFDQmRhVVdleXItT3MxOFpPQXFRNnM5UEViMWJCM1FfSWJHUW1uVTRqZjUxODJUQzktS0NVLUVOdHpjU21lSDFvTGQwVDZFWHkwUG4zWXROWmtNNldzTXBiZnpWc3ZXQQ?oc=5,"Thu, 01 Jan 2026 08:00:00 GMT",2026-02-15T07:57:29+09:00
GoogleNews:食　トレンド,食　トレンド,食のトレンドは「手軽＋日々の健康」がキーワード！手軽に健康を意識した料理で自分を労わる、新たな食のスタイルに注目 - TOKYO MX,https://news.google.com/rss/articles/CBMibkFVX3lxTE12cm81bEFYRVg0ZnhOdnU5U2Rtd3FVSkpDWGF2cngtbXc0Z1FNdTNualRNeEVHQkJDYlZqSm1DWjVIOFptRVJhRGpxbEN6cF8zWGF0SGVsXzhFdGh5ZVhlZ2pDclY4ZUVHb3p1VXlB?oc=5,"Thu, 29 Jan 2026 08:00:00 GMT",2026-02-15T07:57:29+09:00
GoogleNews:食　トレンド,食　トレンド,『あすけんトレンド大賞2025・あすけんトレンド予測2026』を発表しました - 株式会社asken (あすけん）,https://news.google.com/rss/articles/CBMiZkFVX3lxTE9xbVp2WkRQSUYwdWVjWGZRdEZFUWdTZjB4QVdMcnVnQ0NqUnJCUFRHbjhqblVUSnVMRE5aMk9WdWdDci1IalpVUkpQQXB3MlJKcnBicWVFMzlPenhUMllfdVhMcXlJZw?oc=5,"Wed, 26 Nov 2025 08:00:00 GMT",2026-02-15T07:57:29+09:00
GoogleNews:食　トレンド,食　トレンド,【無料レポート】デジタル・トレンド白書2025 – 食トレンド編｜ダウンロードページ - 株式会社ヴァリューズ,https://news.google.com/rss/articles/CBMiV0FVX3lxTE5PUy1LeDE3R2UxLXAzUnJ6OVZPRzlYSlZ5d1ZQZUFGUmlxc2drbFdSS3EyRDY0OWFibERmdGhseEU3WUkyLW5zeXNFVWRzVW9nQ29HS2kwWQ?oc=5,"Thu, 27 Nov 2025 08:00:00 GMT",2026-02-15T07:57:29+09:00
GoogleNews:食　トレンド,食　トレンド,クックパッド食トレンド大賞2025『今年の顔』を発表 - PR TIMES,https://news.google.com/rss/articles/CBMiakFVX3lxTFBNZV9FUC0taGRnV0N5bGtaQUpBWFF6dXM5bVptWmZpTm9nRUFJZlhVZTZYdGpyc3JmSk9OMHM0MTB3TUtKX1J4OC1Nc00tZHdUQU8xLWVic042bG50ZjhmN3hKWENGY2FDUHc?oc=5,"Wed, 26 Nov 2025 08:00:00 GMT",2026-02-15T07:57:29+09:00
GoogleNews:食　トレンド,食　トレンド,今年流行る食べ物は？ 2026年のトレンドグルメを大予想！（食べログマガジン） - Yahoo!ニュース,https://news.google.com/rss/articles/CBMif0FVX3lxTE41OGtiMERtRlBvT2lMNkpkUzZ5OUJLWlNfUmw3VXBuR1NjSGo4RloxTzY4cVljNm1fQmp1dXh5RWFNc2hxLXFpdVdfUklPLWEyd0ZvZXJ2clRnWDhVeW51U2ZFVzhMbXFlbEktZ3dnc2ZpNDAyT19pRGoxU2lKdkU?oc=5,"Thu, 15 Jan 2026 08:00:00 GMT",2026-02-15T07:57:29+09:00
GoogleNews:食　トレンド,食　トレンド,食のトレンドは「手軽＋日々の健康」がキーワード！手軽に健康を意識した料理で自分を労わる、新たな食のスタイルに注目 - TOKYO MX,https://news.google.com/rss/articles/CBMiZEFVX3lxTE10a2NWbHI1OGxKUGJCbm1YR2J1eWI3UHBlMDBHbFBzekhQbW5mRGpVVlFSX3dsOFYzNzdrQUNRdmVOUjFiT3ZYZmhpalRxaUJxb3d0UDJpLXJQa2tWOHkzM0doZTg?oc=5,"Thu, 29 Jan 2026 08:00:00 GMT",2026-02-15T07:57:29+09:00
GoogleNews:食　トレンド,食　トレンド,2026年「食トレンド予測」を『デリッシュキッチン』が発表！次にくるのは「AIフード」「進化系こんにゃく」「指定野菜 ブロッコリー」？！ - PR TIMES,https://news.google.com/rss/articles/CBMiakFVX3lxTE5GUEFXS2tySk1sUHc3NFI1b2NuT0g2ZnBHT2xzcXU0NTNSUnRqRFd1d1F3U05LWVB1dm1tQ2FSNElJNEtxbE5hejdraFQzNGJfX0paNFJnWldaTjQtZlJ2SW52MTFxcXctZWc?oc=5,"Thu, 27 Nov 2025 08:00:00 GMT",2026-02-15T07:57:29+09:00
GoogleNews:食　トレンド,食　トレンド,クックパッド「食トレンド大賞2025・食トレンド予測2026」発表会レポート｜食トレンド大賞は「ワンプレートせいろ」 - PR TIMES,https://news.google.com/rss/articles/CBMiakFVX3lxTFBPUFRjaUZ2WHBhZXI0cVJ1VlNnS2VqMjNNaVJwZ3Zxd2l5eDBQa1p0UnQxNlNuMThIemxRRF9OSzFmMlBiVms3SlY1SkQtMmlhc1BzZFo2OWZEXzhvTHZHcWN1RXBIdU1RMXc?oc=5,"Thu, 04 Dec 2025 08:00:00 GMT",2026-02-15T07:57:29+09:00
GoogleNews:食　トレンド,食　トレンド,2025年 食のトレンドを振り返り ― 「自由」と「ノスタルジー」がキーワード - PR TIMES,https://news.google.com/rss/articles/CBMiakFVX3lxTE0xMFpZQ0lPbjJ6MVFsdDJRYnh2WTBZSTgxRGJlY2NrWDVLejhMQnUwazRmTTI1dXlUcWhKNmRBSi02V3U0XzY5LTRNSEMwSEtZN3pPMUVfQ1MzV0xwUy01Z3Y5cy1PUnlPUEE?oc=5,"Fri, 12 Dec 2025 08:00:00 GMT",2026-02-15T07:57:29+09:00
GoogleNews:食　トレンド,食　トレンド,クックパッド食トレンド大賞2025『今年の顔』授賞式を開催 - PR TIMES,https://news.google.com/rss/articles/CBMiakFVX3lxTFB5Rk0tTmRWZTZQM2pKS2M5Q052ckxqWVMtNkNQa0V5d3NiR0lJcDF3VFVmNmprd1lUMFBSMkNRWDQ4NDJqSTVvaUt4TkI5SXlUWExlNndsVmpfdklDUHR6Q1lST3IybE0yQ0E?oc=5,"Fri, 05 Dec 2025 08:00:00 GMT",2026-02-15T07:57:29+09:00
GoogleNews:食　トレンド,食　トレンド,メディアが教えるヒットの法則。多忙な現代人に響く食のトレンドの変化と共通項は？ - PR TIMES,https://news.google.com/rss/articles/CBMiYkFVX3lxTFBJSnRSNEI5QlBiWlo0NlIzMk5DalFVVW9uWHZUQnotdXI4WlhIcWEyN05IWm82SXdLdEtyclo2c0VRQmRDajZBWWpva3NzcGUwSmFxR2w5a0QwY3VWYUV3dDh3?oc=5,"Mon, 12 Jan 2026 08:00:00 GMT",2026-02-15T07:57:29+09:00
GoogleNews:食　トレンド,食　トレンド,「クラシル」が2025年の食トレンド分析結果を発表 「時短・手軽・健康」がより強く求められた一年に - PR TIMES,https://news.google.com/rss/articles/CBMiakFVX3lxTE9SaHFIRHo0eWpCZHFTWVR3THZGc2tLa2k0dkl4TDRtRjdGOTZSR3B4cy1VUTNwZ0xyaDBfOE95M19EcUFhVm5Pd0puSWp1dnIweDJfN3lwY3c5NzZnTUo2RFMwdmo4Wm5fR1E?oc=5,"Tue, 16 Dec 2025 08:00:00 GMT",2026-02-15T07:57:29+09:00
GoogleNews:食　トレンド,食　トレンド,【おにぎりトレンド予測2026】2026年、おにぎりは「世界に広がり、価格で役割が分かれ、一個で食事を完結させる食」へ進化する - PR TIMES,https://news.google.com/rss/articles/CBMiakFVX3lxTE9NNHlfMnRBSkJ4NjFsSnVoaUE0bGRaS3hLa2JmTkl0QXNOZDZ2Z2tmbnF4TzRVcGxYSUtSUHg0eWJRalRma0drMm5WcXhtWVpteHlGaDVQNEc4blJWNEMtUUV4MVNXdDI0OVE?oc=5,"Tue, 27 Jan 2026 08:00:00 GMT",2026-02-15T07:57:29+09:00
GoogleNews:食　トレンド,食　トレンド,【ミヨシ油脂】「2026年食のトレンド予測・ラーメン編」発表、消費者が求めるのは濃い味、リピート購入を生むカギは「濃厚感」の表現 - PR TIMES,https://news.google.com/rss/articles/CBMiakFVX3lxTE9GNTdpX2hvc0JfX2ZIN09mWnFWcnkzWnBocGV5NzVZNGxfYWpNTjY5cmNmLXJsX3FrX2tiWHR2MHd2SVhfTFJ0Y2JzQmdnUUdZbHhHeHl5S29tLWRDY3hxZ3dkWG1SdHZjeXc?oc=5,"Wed, 28 Jan 2026 08:00:00 GMT",2026-02-15T07:57:29+09:00
GoogleNews:食　トレンド,食　トレンド,Ｚ世代が選ぶ2026年注目トレンド「SHIBUYA109 lab.トレンド予測2026」 - PR TIMES,https://news.google.com/rss/articles/CBMiakFVX3lxTFB2RkYwSTZzLVdBMWhDVkRjYkhsVE10TjR5RGlLcGs1ZE4tcnhWSVJMZHRFVGxqRG9uSlo3LUdHSjdkcVJmdGcyU1k4SzlOM21LZnFOYmdkd2JWUWhaem5FNjFDQUR3Ym5rSmc?oc=5,"Tue, 09 Dec 2025 08:00:00 GMT",2026-02-15T07:57:29+09:00
GoogleNews:食　トレンド,食　トレンド,2025年の食トレンドを振り返り、2026年のトレンドを予測！ 『デリッシュキッチン』がマーケター向け無料ウェビナーを開催！ - PR TIMES,https://news.google.com/rss/articles/CBMiakFVX3lxTE80YTF3bFFSZHk3QmNNU1RaT1JoUWhmTGpGTFU0VXgwNHc4RUMwb09LamtES18yN1pPYmtwRnRUZWRoYVhhV3ZyMDgzeXZVeEk3ZEMzZDdCYV9vWHdaR0RSaExlakExSWtQbXc?oc=5,"Thu, 04 Dec 2025 08:00:00 GMT",2026-02-15T07:57:29+09:00
GoogleNews:食　トレンド,食　トレンド,【食のトレンド｜2025年振り返り・2026年予測】来年は、節約冷凍テク・深まる健康志向・海外グルメの内食化で家庭の食卓が進化 - PR TIMES,https://news.google.com/rss/articles/CBMiakFVX3lxTE9Ec3lPNmVIeUNtNnZ6SmxYbldQTTlKUk85VC1Nem1Va3RFWkV4Y2x6ZU9sMWVMNmUwM3psTldwMW9CS0ZrMnFGOE5PZ0pQRGlYQzRGLU1PQ3daNFJrSG1RbXdMZV8xYXZySFE?oc=5,"Fri, 28 Nov 2025 08:00:00 GMT",2026-02-15T07:57:29+09:00
GoogleNews:食　トレンド,食　トレンド,「ふわふわ食パン」はもう古い？ 世界でブームの“腸活パン”とは。2026年に流行る食トレンド予測 - Women's Health,https://news.google.com/rss/articles/CBMimAFBVV95cUxNZGhaZWdjU0dLYUtkT1U1WGNicGpnNjFzN3JTNWZ3dFNodlFhVm9TSXQwWFF6dGNxeXVMWHpuX0dDaV95RTMzLVpwWEJrbEg4ZTZSaWYxNXpyQjZycElTWTl1eHlWT3YyX3JCanBFM2NIRlFoQVEtWFkxU25lZ3FPWmJHRnZEaFI5by1seUVhS0gwQXV0VF9XeA?oc=5,"Sat, 20 Dec 2025 08:00:00 GMT",2026-02-15T07:57:29+09:00
GoogleNews:食　トレンド,食　トレンド,2025年の食トレンドは「自由」と「ノスタルジー」 消費者ニーズの二極化 - Forbes JAPAN,https://news.google.com/rss/articles/CBMiWEFVX3lxTE50blU4cXE2Y2NWRkl3a1BCWVRZOURITjNRcWFhSWU2Mk9HWU1HRzBpNmFiRlpKcEExVWFReTgtMzdEQXFjalVSLWJPcm9VZHdVOUN0bVF3N3U?oc=5,"Tue, 23 Dec 2025 08:00:00 GMT",2026-02-15T07:57:29+09:00
GoogleNews:食　トレンド,食　トレンド,「麻辣湯」の次はこれが流行る！ 2026年に注目すべきトレンドフードは？ #エキスパートトピ（山路力也） - エキスパート - Yahoo!ニュース,https://news.google.com/rss/articles/CBMiiAFBVV95cUxPYlFmSW9hWFN2VXI5dE9PbklVNXdoSTBseHB1eUtGRzNaaWVyNUY1ZVhhZGdlOV9WTkhXLUl2VVQyX1F4MG1Gdk5JNjN6STBvaHdnb05RMzRvWFBCS0lTTFVmZXh5VzliZHRzWUJDZXVtcEoyRGxtQTE0OUpseTBaMEtxcnN1bHFH?oc=5,"Mon, 05 Jan 2026 08:00:00 GMT",2026-02-15T07:57:29+09:00
GoogleNews:食　トレンド,食　トレンド,"【調査リリース】2025年の""食トレンド""を総括「デジタル・トレンド白書 2025 -食トレンド編」を公開 麻辣湯・Rocket Now・物価高影響など、全29テーマを収録 - PR TIMES",https://news.google.com/rss/articles/CBMiakFVX3lxTFBMMEZ2Y2FMdG5odGw4bG1EVHYtS0d2Q091dFRQRkgtMXpJODNIN3Y0dkFoczZtbUJpbTRkakprTmc3Q05GdnFzOW9NU0tLRzFleFRpUDRPVGkzelZkRG1BRHNFVi1Wd2VpSlE?oc=5,"Thu, 27 Nov 2025 08:00:00 GMT",2026-02-15T07:57:29+09:00
GoogleNews:食　トレンド,食　トレンド,2025年上半期「食トレンドランキング」＆下半期「食トレンド予測」を 『デリッシュキッチン』が発表！ - PR TIMES,https://news.google.com/rss/articles/CBMiakFVX3lxTE11TlI5bEt3QTM2MzVKQUhQa044bG0xdGtuVVVQcXVnOEhhX05GeFFicnVCb1pRalpJRzB2b0RFMnV6N1hha2FhZm5NZG5SdTc2c0VYbndPOGVhNFFkZVo3RzQyREd4V0NORkE?oc=5,"Fri, 13 Jun 2025 07:00:00 GMT",2026-02-15T07:57:29+09:00
GoogleNews:食　トレンド,食　トレンド,世界の食トレンドを対話型AIが瞬時に探索。フードマーケティングレポート「FOODIAL（フーディアル）」がAIサービス化、「FOODIAL AI（β版）」を期間限定で無料提供 - PR TIMES,https://news.google.com/rss/articles/CBMiakFVX3lxTE1HOERzdm45OHAwa3R3Mi10eV8xX3dkZDBDWDJGZ1ZqMlNCWEtULVZwSENLeTRla0VrWjF6RmdPajRROW84Tm52Y3JfbUFfNUtkQlBIUVY3TFRlcDZvMld2RXhtMU95dUxORHc?oc=5,"Thu, 23 Oct 2025 07:00:00 GMT",2026-02-15T07:57:29+09:00
GoogleNews:食　トレンド,食　トレンド,【2026年食トレンド：ビリヤニ③】土日限定 スパイスとエビの出汁香る「ビリヤニ」が絶品！本場の味『ハイダル』（福岡市・警固） - KBC九州朝日放送,https://news.google.com/rss/articles/CBMiTkFVX3lxTE01cW5NZXh4MkdpdUFRUHhiLWVIcFhfUG5JVURyekRJckZ4c0o4QUJrbFRWd3ZUOXdNU1MxZWotNU1QZE52ZVo3T08zZTNKUQ?oc=5,"Sun, 11 Jan 2026 08:00:00 GMT",2026-02-15T07:57:29+09:00
GoogleNews:食　トレンド,食　トレンド,今年を象徴する料理と来年注目の料理をクックパッドが大発表！「食トレンド大賞2025・食トレンド予測2026」 - Yahoo!ニュース,https://news.google.com/rss/articles/CBMif0FVX3lxTE5UR0FwV1RvejJORFdKbXZiTk1VTGRzN3pRdTI3X0ViVDYyTThsNlBvakVsbXNobDdQVHRqUU1JVnpWMEE1QTVzNk9xTURPQ2pQbWZOTUhCMldWVlNfY2dkbGlJN0ZVenVnMXlHdUFhU2N2c29wcVVYOVRqTXNNbUk?oc=5,"Wed, 26 Nov 2025 08:00:00 GMT",2026-02-15T07:57:29+09:00
GoogleNews:食　トレンド,食　トレンド,食市場の未来を先取り！「食の最新トレンドキーワード2026」で企画・商品開発の感度を高めるヒントをつかむ3時間 オンラインセミナー2月25日開催 株式会社マーケティング研究協会 - PR TIMES,https://news.google.com/rss/articles/CBMiakFVX3lxTE9iQ2JLMEVaLVVocU5jem5LZHdOeWZGajcwdXctXzE0WmpocFM1bGltSVczS3VfNlRKdllOR0NjOFVfVFdXdmVRbnZ3VHplYUdzWk5ydnhTWGQ0Y2d2dXBqSFpVUjItMzlkWmc?oc=5,"Fri, 30 Jan 2026 08:00:00 GMT",2026-02-15T07:57:29+09:00
GoogleNews:食　トレンド,食　トレンド,今年の“食トレンド大賞”が発表 SNSでも話題の『ワンプレートせいろ』とは（2025年11月27日掲載）｜日テレNEWS NNN - 日テレNEWS NNN,https://news.google.com/rss/articles/CBMifEFVX3lxTE5JSWE4eUZ4eld2cGo0dm41ZVI3T0JUOWlpMkZmdXU5SnJfcTNZOGRyZklYcWlRejd0TDNMWlBjYUE2d1FZQWx6Zkc4aXhZdjB2cEhSeTl2RmxUdHpVWlZoLVBrSzFJUzZfbFlxQ1JfeE9zUFNBdUdtMmstYTU?oc=5,"Thu, 27 Nov 2025 08:00:00 GMT",2026-02-15T07:57:29+09:00
GoogleNews:食　トレンド,食　トレンド,今年の「食と健康」のトレンドは？『あすけんトレンド大賞2025・あすけんトレンド予測2026』を発表 〜90億件超の食事記録データから見えた2025年のトレンドは「パーソナルカスタムフード」〜 - PR TIMES,https://news.google.com/rss/articles/CBMiakFVX3lxTFBoaXdSb1NNMGdfbTRqbkpGQnFVeEgwakhCSEsyR21rMGxpMXVrVkRneTFvaTcxQUVMMDRjbldRV0w1VnhNby1rQTZ0ZUo1Z2Z3MDYzUTV2YWVhcTJiX081cEUyM1RtdWxmVmc?oc=5,"Wed, 26 Nov 2025 08:00:00 GMT",2026-02-15T07:57:29+09:00
GoogleNews:食　トレンド,食　トレンド,「アサイー」継続、「ハイボール」は高級化へ。経営者が予測する2026年の食トレンドとメニュー戦略 - 飲食店ドットコム,https://news.google.com/rss/articles/CBMiXEFVX3lxTE85dUNPS0tFMXpaeUhxM2hUemY5WWJwQW5aWWNzWm1sTUtURGpZemc0T0RsajFaSTg2NVhDS3NvREhPc01rblVDVXpROGV6dTYwMExjSkZEamNsMzVE?oc=5,"Thu, 08 Jan 2026 08:00:00 GMT",2026-02-15T07:57:29+09:00
GoogleNews:食　トレンド,食　トレンド,デリッシュキッチン、来年の食トレンド予測と今年の食トレンドランキング｜外食トピックス｜業界情報｜繁盛店の扉 - サッポロビール,https://news.google.com/rss/articles/CBMibEFVX3lxTFBpTWg2ejE5Z3FqeTlQem1ZblUtcDljYS1zVjd2YnY3Y1V1STdDZW9TLTNiX2RlMmZOWmctUm5IVlFCY0lBU09nQ3E1a0J0TEhoc2x3QVh0Xzd6SWx2czFBR0RyajZhLUtKbmlNNA?oc=5,"Fri, 19 Dec 2025 06:59:05 GMT",2026-02-15T07:57:29+09:00
GoogleNews:食　トレンド,食　トレンド,「アサイー」継続、「ハイボール」は高級化へ。経営者が予測する2026年の食トレンドとメニュー戦略 - 飲食店ドットコム,https://news.google.com/rss/articles/CBMiY0FVX3lxTE1Ub0t6Y2JmNkk0R2hyRU5IVTloV1VaRXNXLWJTSkxjOExyYjRCTjBKbVpzSExZby1iR3czVXl3MmJsclFtcWYzS29QTkFJWXVvcW1SWThFOVVKSjRDYVRLUk9kQQ?oc=5,"Thu, 08 Jan 2026 08:00:00 GMT",2026-02-15T07:57:29+09:00
GoogleNews:食　トレンド,食　トレンド,つくらない、つどわない… 「消齢化」時代の食、20代発の3つの新潮流 - 日経クロストレンド,https://news.google.com/rss/articles/CBMiZkFVX3lxTFBTbnFsOFA2UE5fTnB3SWhSTEdHYi1KWVlJa1B0UUs1b1BPX3puS3ZMRGFvMkFFaEtmQzRieE8zSWZoeXBNYlRHMFRESmJXUUdZcTF3emhCajBKYmtLZ0N4anpveTd4QQ?oc=5,"Tue, 26 Aug 2025 07:00:00 GMT",2026-02-15T07:57:29+09:00
GoogleNews:食　トレンド,食　トレンド,栄養士・管理栄養士200人に聞いた！2026年トレンド食材予想TOP３は「発酵食品」「冷凍野菜」「サステナブル食材」キーワードは健康×時短×環境 - PR TIMES,https://news.google.com/rss/articles/CBMiakFVX3lxTE0wdTFzOHM2a1ZhaXE2TjY5Q2F1Ry00cWFkcXZWQ0dzTDhMTXR3a1FyVWl0SWNQUS1yRkFmU1RkRXYtMTl0RzVrdEhBZzlWdllxaHNNMDZkZExpTHRPTVc3VHBZSUhtdVJjc0E?oc=5,"Thu, 04 Dec 2025 08:00:00 GMT",2026-02-15T07:57:29+09:00
GoogleNews:食　トレンド,食　トレンド,【割引クーポン付き】フードデリバリーは“暮らしのインフラ”へ。『食べログ×ロケットナウ』で先取りする2026食トレンド【PR】 - @DIME アットダイム,https://news.google.com/rss/articles/CBMiREFVX3lxTE5jczBkaHo5TDhXLVNSQ3dzdTVUMkxNamh1d1U5SE54WXZGb2MwMUNSMFpjVGpXSEF3a3NnV1ZYbGhsbW5w?oc=5,"Sat, 31 Jan 2026 08:00:00 GMT",2026-02-15T07:57:29+09:00
GoogleNews:食　トレンド,食　トレンド,食トレンド分析ツール「デリッシュリサーチ」、 気温・物価データの連携で販促戦略を支援する新機能を搭載！ - PR TIMES,https://news.google.com/rss/articles/CBMiakFVX3lxTE5aU0pqQlNOM3c5LUhvSUkyNTZKTzFyeHRYaTBzdVBhSWI5MFNvRmdxcHQtaUJpbWhmODNvR0hET2Zpb1ZDWkVNYVdEcDJTLVZTbGRabEJDN0NTR3gyYnlyZUcyVVl4cURDMUE?oc=5,"Wed, 02 Jul 2025 07:00:00 GMT",2026-02-15T07:57:29+09:00
GoogleNews:食　トレンド,食　トレンド,味覚も知的欲求もかきたてる 食トレンド“賢人アイテム”に注目！ - シティリビングWeb,https://news.google.com/rss/articles/CBMiWkFVX3lxTE1NZXU3ckdJclFMSHJkdXU5OEZtZy1kUXVxNTlPMHBHYTY5bF82aTFPdE5hRlp0dU01REpZQ2tNYnNKSG1PdnI0b3dhNlQtMWRoNHBpOU5vUWlsQQ?oc=5,"Thu, 22 Jan 2026 08:00:00 GMT",2026-02-15T07:57:29+09:00
GoogleNews:食　トレンド,食　トレンド,2026年ヒットするグルメを大予想 昨年の「せいろ蒸し」「麻辣湯」に続く“主役フード”候補9選 - Yahoo!ニュース,https://news.google.com/rss/articles/CBMif0FVX3lxTE5ZWUVvVWxYY1FXR29jX2syMGdrWVNnZ0d0RUJpc1pqRHdPek1WbzJnMkZFY2MwSl91MmJUWEU1dFhMemVQcjRpSEEyRUpyWFBMeWR3UzlJN0VBV1RJX0gwSlB5LW9tQWNUWklyRXl6MFQ1RmVkNVp3U0RReVdMYnM?oc=5,"Tue, 06 Jan 2026 08:00:00 GMT",2026-02-15T07:57:29+09:00
GoogleNews:食　トレンド,食　トレンド,ミンテル 2026年：世界の食品・飲料トレンド予測を発表－企業が注目すべき「食の多様性×個別化」「伝統的な食文化の尊重」「感覚を科学的に商品開発に取り入れる必要性」 - Mintel,https://news.google.com/rss/articles/CBMilwFBVV95cUxONHdKZmZHenZIeU5UbXdGU256cDhxUndBQUtWVUhuN0F2Q3UzX2R6MjNmRVRWWVZQbkhTVjdjX08yeTIwNUhtWnNGQURJSFQ5VTlyRU5pRjd0NXcxWlhMUHdvZFA5OUpnOHF5ZDFPODFpMWZ2WDVNNlI4V0dTZzd1aWNseGo5SDJjT1VJcGRJb0RtZk9JVm93?oc=5,"Thu, 09 Oct 2025 07:00:00 GMT",2026-02-15T07:57:29+09:00
GoogleNews:食　トレンド,食　トレンド,SDGsな最新食トレンド“リジェネラティブ”な料理とショートフィルムをペアリングする20席限定イベント開催決定 - TOKYO HEADLINE,https://news.google.com/rss/articles/CBMiTkFVX3lxTE5aZnVUZXVrX1QzQm5oRFdhMU0zWjlqdmtDWUQyZWt1bU5sei1MTW1iYVdiQi1wVjZGWFJsTDA1UVdFT1RrYUNkYmZVZGVWZw?oc=5,"Mon, 19 Jan 2026 08:00:00 GMT",2026-02-15T07:57:29+09:00
GoogleNews:食　トレンド,食　トレンド,【2026年食トレンド：ビリヤニ①】インド料理の名店『ザエカ』 30種類のスパイス香る本場の味（福岡市中央区） - KBC九州朝日放送,https://news.google.com/rss/articles/CBMiTkFVX3lxTFBpaS14MHJvMGliZFlWQWpzQ2ZSWDdmR1Y0dUMzX1NkTlFDT2t3SlB6V1FDOEE3U20zcG1JelBzcHlfdUx6a2xUc1lBZGotZw?oc=5,"Fri, 09 Jan 2026 08:00:00 GMT",2026-02-15T07:57:29+09:00
GoogleNews:食　トレンド,食　トレンド,「冷凍食品トレンド大賞2025」大賞は『冷凍野菜』。業界関係者が選ぶ今年の冷食トレンドランキングを発表！ - PR TIMES,https://news.google.com/rss/articles/CBMiakFVX3lxTE1OUmpSWDZpVWRLRGUzSU9FVlNJZm5fSG1HVnd0V3pMOGRodFItY3BiTGhiOXBhMlpnOUozeGhNemhqa18xU19LcFd0eHZrVm52bEdUaDZNUkFHTnloRjlnM3h5SktnbnJTY0E?oc=5,"Thu, 18 Dec 2025 08:00:00 GMT",2026-02-15T07:57:29+09:00
GoogleNews:食　トレンド,食　トレンド,沖縄から食の最新トレンドを発信！「FOOD STYLE JAPAN 2026 ＜沖縄＞」4年ぶりに過去最大規模で開催決定！ - PR TIMES,https://news.google.com/rss/articles/CBMiakFVX3lxTE5Dc3RnVG9PTU1TUjN3VFhmaXpQemNwT2ktTlFWTFBCakFMbTJRUG8zUDBjOHF3b0N4WFdVdnRMMGsyMFcyQTJnLUpneUtXY1MzZGwtTmxLckpuejlpTDFIYmc0eW42ak9DN0E?oc=5,"Tue, 16 Dec 2025 08:00:00 GMT",2026-02-15T07:57:29+09:00
GoogleNews:食　トレンド,食　トレンド,2026年の“カレートレンド”を専門家が大胆予想！ビリヤニのPOPs化、伝統食のスパイスアップ（OCEANS） - Yahoo!ニュース,https://news.google.com/rss/articles/CBMif0FVX3lxTE5jdV91V2ptTzRQb1BWMHR2OUY0NWhuVzdqUUxHdzMyNDlIczVKS0g4YzlFUG00d0syNU5Ld2lWNWNrODhLd3NaYUtmYTBhVkU1cDRxUGx5RERrYWZWVXN2NGxXYnhyaUhNOXN5SG8yeWtMTTNVanF1TDhqT3FHeFE?oc=5,"Fri, 16 Jan 2026 08:00:00 GMT",2026-02-15T07:57:29+09:00
GoogleNews:食　トレンド,食　トレンド,2026年の食トレンド予測、AIフードと指定野菜ブロッコリーの活用法 - Forbes JAPAN,https://news.google.com/rss/articles/CBMiWEFVX3lxTE14emtYRXhNMjBqZFpaOFFHYWFGbGR6aDJ5RW5PYU4tWnZaNHlhV0dfU1R1enIzYzZrRTJjLTljUm9wblhPOUREMXAwdFpjOGZLaDJPeWxyREM?oc=5,"Thu, 04 Dec 2025 08:00:00 GMT",2026-02-15T07:57:29+09:00
GoogleNews:食　トレンド,食　トレンド,元子役・タレントで料理家、長谷川あかり「家庭料理を引っ張っていける存在に」 食のトレンド大賞受賞 - 日テレNEWS NNN,https://news.google.com/rss/articles/CBMifEFVX3lxTFB2OXBlLW5RREgzeUI1ZEFGWWVUTXJDRnlMbzRrSFQ0ZDBPQVEwN0s5WXFReTIwYS1MRDZBWVh2VFlMUnJJUV9mMkFwSk55a0F0ZWV1MmtnNjhpenAyM3docm05U1BBLTZELS1hVGNzZU5aOGJ1bzV3b3lHR1E?oc=5,"Wed, 26 Nov 2025 08:00:00 GMT",2026-02-15T07:57:29+09:00
GoogleNews:食　トレンド,食　トレンド,2025年の食トレンドは“厳しい時代を反映”、2026年は「一汁三菜ボウル」「フュージョン薬膳」 - ウーマンズラボ,https://news.google.com/rss/articles/CBMiTkFVX3lxTE9JN1lkV1NKSkp5RUFfbE5sZ096Q2VUNW94Y25fdlJ6SmdKd2RJOFh2MGY1WjhlcTI5SFFmb19nR2ZtUjd6NzFsTE1uRHdvZw?oc=5,"Thu, 04 Dec 2025 08:00:00 GMT",2026-02-15T07:57:29+09:00
GoogleNews:食　トレンド,食　トレンド,【2026年食トレンド：ビリヤニ②】前日予約してでも食べたい！土鍋で炊き上げる至福の一皿『カレーアパート ニュートキワ』（福岡市早良区） - KBC九州朝日放送,https://news.google.com/rss/articles/CBMiTkFVX3lxTE5KRXlEbENWMVVsckFnTHpuVUQtOVU2Q3lQaG1qOFRtT1A0VjV1d3RHcHo1TE9UNUxFd2hRWHRWZ2pLN29vOThQa0FsSk8xUQ?oc=5,"Sat, 10 Jan 2026 08:00:00 GMT",2026-02-15T07:57:29+09:00
GoogleNews:食　トレンド,食　トレンド,知らなかった！今年の食トレンド大賞「ワンプレートせいろ」って？ - Yahoo!ニュース,https://news.google.com/rss/articles/CBMif0FVX3lxTE9nX0NTajhRMW9peThuWlBDV1l2aGtSRnJEZDdiVnNseEozdWR3VG9odjVwY3F0N0lnVnZ6dDcyMWxlUWhnZjN2ai1vTHBkNWV6R1I3aGRWM1gzTkJ0bmxsQXhfTllneGhjaTV0ZC1CbmxCUW03bVRObFFCYWhsdDA?oc=5,"Wed, 26 Nov 2025 08:00:00 GMT",2026-02-15T07:57:29+09:00
GoogleNews:食　トレンド,食　トレンド,クラシル「食トレンド分析結果2025」を公開 - 豆苗・魚肉ソーセージが注目を集めた理由とは? - マイナビニュース,https://news.google.com/rss/articles/CBMiXEFVX3lxTFA3NWR3b2QzczJmTEk0cXN5eVdjM1pQR0ZtNHZtcTlHTjN0YnpmTGJicEdmSVBrNU44U1NReUt1T285aXQ0eTB0eU92Nk1zQkY5LVBtb0JNcjZLbkE4?oc=5,"Wed, 17 Dec 2025 08:00:00 GMT",2026-02-15T07:57:29+09:00
GoogleNews:食　トレンド,食　トレンド,【ビジネスマンの食の教養】王道フレンチはもう古い？世界の食のトレンドが向かう先は？ - ダイヤモンド・オンライン,https://news.google.com/rss/articles/CBMiTEFVX3lxTE1GMkxDeHkwRHVQN1RBSjhFcjZObUJIQTFNblZ3R1lwazJ0bVY2dGt6eFIzTGhudmlDRV9CaHFNN3FKdjBxRGN1VXdSYXHSAU9BVV95cUxOclFDYy1MZ3dMcXQzeElrVDluZC1sZDJjaUVveHhNdGdJZzdIbHFKODhMd0Z1cDR1Uzd6YVJZSWZiRGtxaF9fZVpkUHI2TTNV?oc=5,"Sun, 02 Nov 2025 07:00:00 GMT",2026-02-15T07:57:29+09:00
GoogleNews:食　トレンド,食　トレンド,「バイバエ」と「手仕事」 スープ作家の有賀薫さんとカレー研究家の水野仁輔さんが予測する食トレンド2026 - ｄメニューニュース,https://news.google.com/rss/articles/CBMidEFVX3lxTFBjeXVKWFFQQTk2UDlZY3F3bVVNUGUxWW1tZzFpYzVuV3ljZlY2R1lrd2lKWFNmQTJYYkQwYVdSM0FmYWJsSGpYN04wSTkwYkpYLXZPR1I4NzhXNVh0MW9NSVpDaVVlQjR5ZTFjZEZ5aDA5MWhk?oc=5,"Sun, 25 Jan 2026 08:00:00 GMT",2026-02-15T07:57:29+09:00
GoogleNews:食　トレンド,食　トレンド,【市場調査会社ミンテル】2026年：世界の食品・飲料トレンド予測を発表－企業が注目すべき「食の多様性×個別化」「伝統的な食文化の尊重」「感覚を科学的に商品開発に取り入れる必要性」 - PR TIMES,https://news.google.com/rss/articles/CBMiakFVX3lxTE4yUC0yczN4dkp3Rm5ocTQ0NTQ0SVhyWUoyeVZlOTRfVjhPQXp1T2ZqbGtyRS1keEthYlBRSEVfbjlmSkxYTU9Dem53SFBRbnk2eTZ5blNWSE11T0NseTVqemRLOE1BejRRU0E?oc=5,"Thu, 09 Oct 2025 07:00:00 GMT",2026-02-15T07:57:29+09:00
GoogleNews:食　トレンド,食　トレンド,「健康・環境・多様性・経済変化」グローバル共通の社会課題から食の未来を洞察 ― “トレンド理解”を超え“課題解決アクション”につながる「世界の食潮流2026」を発表― | 株式会社TNCのプレスリリース - PR TIMES,https://news.google.com/rss/articles/CBMiakFVX3lxTE1nYm9GaHNhUjk4V1Vpa2VjVzRVdURYRjRPZlMzZk1vV003Z21BdmhPWmc2eTNaNWFvVkdyQWNCSnczeDlCTDFOaXNveWZ4X1BWUGN3RFhWUGJHNzZDVXhJeWI1cTJCQWNxNHc?oc=5,"Fri, 14 Nov 2025 08:00:00 GMT",2026-02-15T07:57:29+09:00
GoogleNews:食　トレンド,食　トレンド,"【調査リリース】2025年の""食トレンド""を総括「デジタル・トレンド白書 2025 -食トレンド編」を公開 麻辣湯・Rocket Now・物価高影響など、全29テーマを収録 - FNNプライムオンライン",https://news.google.com/rss/articles/CBMiTEFVX3lxTE1Ic0xWM1gwWDFlMFU2dGpYRy1aQ3NudDgyTTk5UWV3YUZPeGNpa3hWY2JmUzIwazlfMkpmeDRfOVczdUZnbnJnTU9yVng?oc=5,"Thu, 27 Nov 2025 08:00:00 GMT",2026-02-15T07:57:29+09:00
GoogleNews:食　トレンド,食　トレンド,今年の「食と健康」のトレンドは？『あすけんトレンド大賞2025・あすけんトレンド予測2026』を発表 ～90億件超の食事記録データから見えた2025年のトレンドは「パーソナルカスタムフード」～ - FNNプライムオンライン,https://news.google.com/rss/articles/CBMiTEFVX3lxTE5rbC1waUp0RlRHWGZCLTNxOWRyaUFKZXBFRm1MVTBsbzVhV3pWTTdtUl85YW1ZQlM2YWZVQ2pWTHNmQXRpRl9PQzFqUnc?oc=5,"Wed, 26 Nov 2025 08:00:00 GMT",2026-02-15T07:57:29+09:00
GoogleNews:食　トレンド,食　トレンド,2026年「食トレンド予測」を『デリッシュキッチン』が発表！次にくるのは「AIフード」「進化系こんにゃく」「指定野菜 ブロッコリー」？！ - フーズチャネル,https://news.google.com/rss/articles/CBMiVkFVX3lxTE9vaHoya1AwOFFKVHY3alBVTmtvN2lyREs3Z1BxV04wMkJLS2drQjZQb2tNRjJRT2FmRE53TXRnUENmblhOQXlQalJSY1BQc1IyMkluSGNR?oc=5,"Thu, 27 Nov 2025 08:00:00 GMT",2026-02-15T07:57:29+09:00
GoogleNews:健康　栄養,健康　栄養,【健康栄養科学科】管理栄養士・栄養士のための栄養研究セミナーを開催します！ - 福山大学,https://news.google.com/rss/articles/CBMiVEFVX3lxTE15TUM1d08zbTNfT1VWS3g2WlVmSmtTTFJUYy05SVNDU1BDMDN4UXJoVjNxZGliMzR2WW1FZzk1enNQVXhOYVFJTHU4ZkZmRGlycVloMQ?oc=5,"Tue, 10 Feb 2026 00:52:27 GMT",2026-02-15T07:57:31+09:00
GoogleNews:健康　栄養,健康　栄養,栄養士に近い資格を紹介！社会人でも取得できる食関連の資格とは？ - 生涯学習のユーキャン,https://news.google.com/rss/articles/CBMifEFVX3lxTFA0TUdFWFByNDJuVTBacGJDUWxoUHFNYlBlbEQtQ2NJLUtRVDJ2bVJDckw2bjFkU1ZyQ1hUd1ljQ21lczZLY1RXdklmVklrU2U2akozbmRpZlJ4dW5yOFpSa19xQkczbC1UY1lqSV93NVo1ZTdCQldLOXl1bHU?oc=5,"Thu, 12 Feb 2026 08:00:00 GMT",2026-02-15T07:57:31+09:00
GoogleNews:健康　栄養,健康　栄養,アスリートたちの健康とパフォーマンスの向上を目指しスポーツ栄養学の礎を築く『大学時報』SNDJ鈴木志保子理事長インタビューを公開 - sndj-web.jp,https://news.google.com/rss/articles/CBMiS0FVX3lxTE9ZTDhTdUFpbGhrQUhEdUY3dXlkRnBHdUswLWNBdFo2MmlIdy1fa1ZxZG8tYzNrOFc2NTR1aUdQUXFFWjdObXUzalowdw?oc=5,"Fri, 13 Feb 2026 08:38:39 GMT",2026-02-15T07:57:31+09:00
GoogleNews:健康　栄養,健康　栄養,令和3年度ひょうご栄養・食生活実態調査結果 - pref.hyogo.lg.jp,https://news.google.com/rss/articles/CBMifkFVX3lxTE55Z3hQcG9Ia01YWXQxNDhoSHpNX2lBQjFPREtFaEdxaVQyZk9zaGZYZXhmdVJxSlYxZkRzQjNSXzB1TjMtcG1RX3VTSU5xSHJpT3FnUk9ZNVZPT2cyTUJhZ1J4SWl1WDhHVlBkeG01NDZVTkFNTWw1U2hUWWEzQQ?oc=5,"Mon, 22 Dec 2025 08:00:00 GMT",2026-02-15T07:57:31+09:00
GoogleNews:健康　栄養,健康　栄養,「健康と食、栄養に関する調査」結果を公開｜お知らせ一覧(2025年) - 国分グループ本社株式会社,https://news.google.com/rss/articles/CBMiaEFVX3lxTFBzRnI2RmFzVWpvdmNYMzJ5czY3LVJ5ZGpQVG5ZN2gyQ3NUMklBakF5VDdlRnJGdmtlTi1VSS13T2dyOXBXN3BSc1FQV1FGSVFsWWotWnRvRWplamdPVEFnRVAxX3BNcTNC?oc=5,"Fri, 19 Dec 2025 08:00:00 GMT",2026-02-15T07:57:31+09:00
GoogleNews:健康　栄養,健康　栄養,【健康栄養科学科】臨地実習報告会を実施しました！ - 福山大学,https://news.google.com/rss/articles/CBMiW0FVX3lxTFByWTRiZVFQeTFQNThiS2VuOGpnRUJyZlZhOE5WOEJDb3RCejBYZ0RTU1hrV2xIbl8teWJ2Y3k4QnN0U0c2TjcwZEFNQTRnN2hOckw2Zy1xM1VrOGc?oc=5,"Fri, 13 Feb 2026 01:32:23 GMT",2026-02-15T07:57:31+09:00
GoogleNews:健康　栄養,健康　栄養,北海道食環境整備推進セミナーを開催します - pref.hokkaido.lg.jp,https://news.google.com/rss/articles/CBMiZ0FVX3lxTE1fWjh0S3AyaDQzQjI4MUNfUGJQNGw2X1lKdEdmcGVrcFQyVUhHaTdxaWpOcWpkS1lRSjQwVl9hVEZCVmx0TnJrRzBIc2hjbndzLUZTald4NHY3WENTbHYzUS1lUnAyQ00?oc=5,"Mon, 19 Jan 2026 08:00:00 GMT",2026-02-15T07:57:31+09:00
GoogleNews:健康　栄養,健康　栄養,シミュレーションによりヨーグルト※１の適量摂取※２に関連する ２ 型糖尿病と医療費の変化を試算 - nibn.go.jp,https://news.google.com/rss/articles/CBMiW0FVX3lxTFBSMEV5V0VNMDA1MlowbTdzZ3ctNWdCd0NEUHZWaUxKSndFZmRvVDJrd3RsTEZHeURNc3Z6U2NKWUFENDVKRUlYVVV3ZVdPLTNvUmVtTVItbzFNVFk?oc=5,"Mon, 29 Sep 2025 07:00:00 GMT",2026-02-15T07:57:31+09:00
GoogleNews:健康　栄養,健康　栄養,【村上】食品の健康・栄養に関する表示等について - pref.niigata.lg.jp,https://news.google.com/rss/articles/CBMieEFVX3lxTE9rNDJsV2xjejVHS2VFSUk2bDhNVFZ4ajBpSmtIaUxIbllxQkVvMFZnUVM3UEdHYlRwX1g3UGU3N2hJSGZFeTd1elhibEhWNEU0bW51b0hVcGtfYzNLQVNXR01EYnRDaTFvSkpMSzRHbGpEOFFQb0JhRg?oc=5,"Tue, 06 Jan 2026 08:00:00 GMT",2026-02-15T07:57:31+09:00
GoogleNews:健康　栄養,健康　栄養,"「糖尿病が強く疑われる人」は推計1,100万人―「国民健康・栄養調査」 | ニュース | 糖尿病ネットワーク - dm-net.co.jp",https://news.google.com/rss/articles/CBMiWEFVX3lxTE5ON3AyQkN2cUpncXphRlNPSzltRGhvWmp5c0ExdUNvZEdmMW0xR2xrci1PS2pMc2taOHAzN1lVeVYwajBGOHZUWmJKc2lPRmFFWl9aZGxzVmg?oc=5,"Fri, 16 Jan 2026 08:00:00 GMT",2026-02-15T07:57:31+09:00
GoogleNews:健康　栄養,健康　栄養,食環境づくりと日本版NPMを考える産学官対話シンポジウム - PR TIMES,https://news.google.com/rss/articles/CBMiakFVX3lxTE1UWk5fbk43dDRnYnhNV0tSYkVjTHJTczd5R1JXbmJQTkx6NUt1Nmk5YVB6ZHI3dmVOWWdsSGw3VGRiWWQtWUZhdUIyc255WFlnYkRYZzJoU2RQOHhTb3FhaVBNSTQ1SnpOVFE?oc=5,"Tue, 03 Feb 2026 08:00:00 GMT",2026-02-15T07:57:31+09:00
GoogleNews:健康　栄養,健康　栄養,健康科学部健康栄養学科の学生が学内で配食実習を行いました - shudo-u.ac.jp,https://news.google.com/rss/articles/CBMie0FVX3lxTFBXMTF3cEVwekVqY2h1YjhOQ2ZuMWtnN1pybnIzQ1VJU3RHd1FIWlNOREZkdENoMmhQY3lrNUNBaEkyaF91aFQyd1l5UVBwUkQzcVZROHFXSnVRZzZLdjhrX1Uwd0RzeXR2RldoSURpekdPQ2dFREY2NDlvVQ?oc=5,"Fri, 25 Jul 2025 07:00:00 GMT",2026-02-15T07:57:31+09:00
GoogleNews:健康　栄養,健康　栄養,健康メディカル学部 健康栄養学科の学生がレシピコンテストで優秀賞を受賞しました。 | ニュース - 2025年度 | ニュース - 帝京平成大学,https://news.google.com/rss/articles/CBMiU0FVX3lxTFBfVVo5X3d1dHdZVjBxTWdQSWhGUENGdHBNeUpRaHpJV0FBbjA2YWg5Y0Y2eWF6U0VHQUVfNjBHbWhKLVZkVFJQNjNpNGNhRk9JTEN3?oc=5,"Thu, 27 Nov 2025 08:00:00 GMT",2026-02-15T07:57:31+09:00
GoogleNews:健康　栄養,健康　栄養,健康栄養学科１年生が「精進料理」を学ぶ特別実習を実施 - agu.ac.jp,https://news.google.com/rss/articles/CBMiVEFVX3lxTE91WXM2aFRLVTdaSVRvQVQxaURDdXNmQWNxWktCRUstTHl1VEJuTW5TSnFPenE5UjlXSXlCRVdJcS0xemNoYnhleWQ4NXVwQVZkMDN1MA?oc=5,"Tue, 13 Jan 2026 08:00:00 GMT",2026-02-15T07:57:31+09:00
GoogleNews:健康　栄養,健康　栄養,食塩摂取量は平均9.6gとなり過去12年間で最低 令和6年「国民健康・栄養調査」②【栄養、身体活動、睡眠、飲酒、喫煙の状況】 - sndj-web.jp,https://news.google.com/rss/articles/CBMiS0FVX3lxTE1OTHdZbzE4SGRpdmtjZGVCZ1RQY1ZDVDVQQlBQN20zWG9QRTRLQkRnQWZPWnBZeHI0QWxyRlNKWlhPamp3aGhUNTlFQQ?oc=5,"Sat, 24 Jan 2026 08:00:00 GMT",2026-02-15T07:57:31+09:00
GoogleNews:健康　栄養,健康　栄養,大阪マラソン2026チャリティ寄附先団体に登録されました！ - nibn.go.jp,https://news.google.com/rss/articles/CBMiaEFVX3lxTFA3dE5sNGtEZ0M2dS1GaXpfVWUtaTludm15SFo0UDRxaVhRdk82bUEwYkJ0eFRCaGEwT3hPNFdCOFF2WFFUWGtzcXpZVnl0RGtkOEtmb0p4NWZvQmJORTlOSUExcmd0dFpi?oc=5,"Fri, 01 Aug 2025 07:00:00 GMT",2026-02-15T07:57:31+09:00
GoogleNews:健康　栄養,健康　栄養,"糖尿病が強く疑われる人は約1,100万人で継続して増加 令和6年「国民健康・栄養調査」①【体格、生活習慣、糖尿病、身体の状況】 - sndj-web.jp",https://news.google.com/rss/articles/CBMiS0FVX3lxTE1GX2xPam85UlFJWWlsbWFuMlVsa0tvN29IdndVem9HWndUOWRVVTY1VFBHemQwYWthTk1iWWJYUlVKVlUtZGxjX1o0QQ?oc=5,"Sat, 24 Jan 2026 08:00:00 GMT",2026-02-15T07:57:31+09:00
GoogleNews:健康　栄養,健康　栄養,【健康栄養科学科】管理栄養士・栄養士のための栄養研究セミナー開催します！ - 福山大学,https://news.google.com/rss/articles/CBMiZ0FVX3lxTE9jWUpRdjRGSGNUNnlqYlRaOFVXdU9teHQ2NjA3UHVPX0UtN3hGYjlEU3NkV1BvQm1tcXIyODI3OWlhMUtsOWFsZDVSV3JXLU5FZnZTcXNIQkFWYWtoM3JaZ1d2NHdVVWM?oc=5,"Tue, 06 Jan 2026 08:00:00 GMT",2026-02-15T07:57:31+09:00
GoogleNews:健康　栄養,健康　栄養,食品関連事業者の減塩を支援 『食品関連事業者のための製品の減塩ガイド』を公開 国立健康・栄養研究所 - sndj-web.jp,https://news.google.com/rss/articles/CBMiS0FVX3lxTE1vVWVhQVAzRHpkc2JhVXh6NUV0T21LZEc2WDFxN2dJSnliVnNrcXBudlJhV1pEVkNLRmpTdExzS1lKMEJhTXhFQXR3NA?oc=5,"Sun, 18 Jan 2026 08:00:00 GMT",2026-02-15T07:57:31+09:00
GoogleNews:健康　栄養,健康　栄養,【健康栄養科学科】市民フォーラムを開催！ - 福山大学,https://news.google.com/rss/articles/CBMiW0FVX3lxTE9TYjNLZ2kzc25MaVRhdHVvZzNBRmZWc3JwOTJxRnJLejJYdlhkRW5BdnZwWjIwWVd1MEFHTmVGNGdsU3ZfSXJlNm5paEhSdXg1bjcxS0tGX3VNMHM?oc=5,"Wed, 26 Nov 2025 08:00:00 GMT",2026-02-15T07:57:31+09:00
GoogleNews:健康　栄養,健康　栄養,【グリーンサイエンス研究センター】2月26日開催 令和7年度成果報告会のお知らせ - 福山大学,https://news.google.com/rss/articles/CBMiX0FVX3lxTFBmamhEZThoa1NNeUJ4elpMV3JvYnV0RnVPemt2c01JRHFnRmNWclRybjJOSFVWeF9TNl9RLTQzTGhORjZzWjBpc0VTSWIzbTI0dk5VQUstWURDeGxJWjhr?oc=5,"Wed, 28 Jan 2026 08:00:00 GMT",2026-02-15T07:57:31+09:00
GoogleNews:健康　栄養,健康　栄養,【新潟医療福祉大学】健康栄養学科が特別賞を受賞！にいがた食と農の未来 学生ビジョンコンテスト2025 - NSGグループ,https://news.google.com/rss/articles/CBMiZEFVX3lxTE9GbG1MeThWREJ0R2d0V1dUbWpFcXo2alctUi11Z0hIZ0R5MGtlSk5RTEZVblZDOTUtZkFtT19kS0s1anZGNnBpa0ttNWZTNUxjMDJpemZwbUNzSkNZeU9EbmU1TE0?oc=5,"Thu, 13 Nov 2025 08:00:00 GMT",2026-02-15T07:57:31+09:00
GoogleNews:健康　栄養,健康　栄養,国民栄養調査で食生活の課題鮮明 野菜不足・食塩過多・地域差が明確に浮上 - ウェルネスデイリーニュース,https://news.google.com/rss/articles/CBMiVkFVX3lxTE9CU3hPdGlEc3ZkNVJHX3p1alUyeER3T0NWTGJCLS01eUxUTUNkVDBwWVU1OXlvMWRjSl9QNHFFQ2htS25FbkRWQW1VeGJCV1d3a01SSFZR?oc=5,"Fri, 05 Dec 2025 08:00:00 GMT",2026-02-15T07:57:31+09:00
GoogleNews:健康　栄養,健康　栄養,健康メディカル学部 健康栄養学科の学生が「World Winners Cup Sicily2025」に出場しました。 - 帝京平成大学,https://news.google.com/rss/articles/CBMiU0FVX3lxTE1DMUJOOHMyYUtoMGtYWmlWN09JelEwakRoVlBTZ3FlOWV6U1M3WlVUOEMyM0xqLWZ3OWlKTlNkNm5CXzF1WDBpeXlyXzhSZWdNNkh3?oc=5,"Fri, 24 Oct 2025 07:00:00 GMT",2026-02-15T07:57:31+09:00
GoogleNews:健康　栄養,健康　栄養,食品ニューテクノロジー研究会講演：国立研究開発法人医療基盤・健康・栄養研究所 國澤純副所長 - 日本食糧新聞・電子版,https://news.google.com/rss/articles/CBMiakFVX3lxTE55SnZodHluX1FiMEFNWDF5NFZhNHFPMVJoa1lBZ24xWWNvOEJPRWRCekpyZFljM3Jpa19oWlJMS2hxTjYwNU1qWk5GX0JvRXRSZk82QmVfZ2htSkhYNHVJN0lMckd6dVg3RkE?oc=5,"Sun, 01 Feb 2026 15:10:29 GMT",2026-02-15T07:57:31+09:00
GoogleNews:健康　栄養,健康　栄養,「大人の食育も重要」 加工食品を使った健康と栄養を考える 食の安全・安心財団（食品新聞） - Yahoo!ニュース,https://news.google.com/rss/articles/CBMif0FVX3lxTE5KUGF4ZTh3RjZfb096UXBldjk1UzhoVFRlcHRMUWh4cTZEU19jSy1nM25oZXhVdzNvMTJFdVZxcnhYN1BjNE92UHhtLVJoZkhXTHJnYWRkNGtCMm01R2JfSWUtR2h0ODQxZG4zaUJDYXpmbktTY3pMajRIdjFKUkk?oc=5,"Wed, 24 Sep 2025 07:00:00 GMT",2026-02-15T07:57:31+09:00
GoogleNews:健康　栄養,健康　栄養,【無償提供受付中】高校･大学･一般向け食育教材『本当に知ってる？健康と栄養のこと』 日本即席食品工業協会 - sndj-web.jp,https://news.google.com/rss/articles/CBMiS0FVX3lxTE1MeDZvbFF5Qng4TlVGbENwWmc4MUxPNnVyOUEzSF9reThseWtsNm1IdXl2TlNoS004LVNlZzVKSHFLV3R4amlmYUU0Zw?oc=5,"Fri, 03 Oct 2025 07:00:00 GMT",2026-02-15T07:57:31+09:00
GoogleNews:健康　栄養,健康　栄養,浦幌郵便局 町民対象にオンラインで健康・栄養相談 実証始まる - 北海道新聞デジタル,https://news.google.com/rss/articles/CBMiWkFVX3lxTE13OEM5ZklTOHlhdkU3RVNNdDN0SE1IRE1pWEJJTU5YbXJUZW1xaENfZ2d0LVRpWnpmYUZ4N29lNTJrb3pGWFVuaXF2SU5ERDVPdy1Md3JLdnpkZw?oc=5,"Mon, 01 Dec 2025 08:00:00 GMT",2026-02-15T07:57:31+09:00
GoogleNews:健康　栄養,健康　栄養,体格にかかわらず健康寿命が短い～フレイルの高齢者（医薬基盤・健康・栄養研究所　渡辺大輝研究員）～ - 時事メディカル,https://news.google.com/rss/articles/CBMiTEFVX3lxTFB6dkdRS2JXVkI2V1dFSUJOY0lIRDNPUHUxMUZ2c1gwcWJET2JQbzBHTjRSanc3UmZzdXFGZkYxZHlsc0otb1JXalFKM0XSAVJBVV95cUxQbVZGMllYMjlBVXpqdng2bnY5YVY3el9CYnNKa0l0Y2FiX3dkZ2JSNkM2M3BTNnBtbm9UZnFSX0Y1cFp6NzJpd1NiSGY2VVlTVXlB?oc=5,"Thu, 09 Oct 2025 07:00:00 GMT",2026-02-15T07:57:31+09:00
GoogleNews:健康　栄養,健康　栄養,糖尿病疑いの20歳以上男女1100万人 24年国民健康・栄養調査推計 - 日本経済新聞,https://news.google.com/rss/articles/CBMibEFVX3lxTFBiRjMyUGJqVUV5TElVeWlmcnloMnFYeExURENIU09oTTFNMXBXOWszYTFPRFlFWC1yQUZiZFpiRzB0VWFncGZGVGJVc0xjMHhKc3VablNOa2R2Y2NqMWN4dmpra1JzZmhLdVB0WQ?oc=5,"Tue, 02 Dec 2025 08:00:00 GMT",2026-02-15T07:57:31+09:00
GoogleNews:健康　栄養,健康　栄養,日本最適化栄養食協会 地域と健康をつなぐ「ふらっとちよだ」にて栄養バランスの大切さについて啓発 - PR TIMES,https://news.google.com/rss/articles/CBMiakFVX3lxTE1BZk51MURpRDZTVjVQbk5WQ3U1MjNuWFEwblpXZm56MUZrNmxtbkd0dmF3R0EwaTJCeGIzMlN4RUs5NVNNR2lqbnVMWWVNTDNqMlhIMzRQRGtaZFVRUVViVDdwVExnVmhCclE?oc=5,"Mon, 29 Sep 2025 07:00:00 GMT",2026-02-15T07:57:31+09:00
GoogleNews:健康　栄養,健康　栄養,新潟県立大学、健康栄養学研究科に博士課程 27年4月開設目指す - 日本経済新聞,https://news.google.com/rss/articles/CBMibEFVX3lxTE5hZVRid2NSVlMyS3JvRVhfc1RKT1EwSjFRUVA5SDA3SGV1MVBxNGdMcTM0VXk2ZF8wU0ZUUTJIX0JXSno3YldVME82Q0FKN09LVVNEbV8zY0hRRDhRZjZqNkNfZzFvaEt1N21qTA?oc=5,"Wed, 10 Sep 2025 07:00:00 GMT",2026-02-15T07:57:31+09:00
GoogleNews:健康　栄養,健康　栄養,Olympic×女子栄養大学短期大学部×荒川区「あらかわ健康ごはん」11月30日から販売開始！ - city.arakawa.tokyo.jp,https://news.google.com/rss/articles/CBMidEFVX3lxTE5HdHkxRDlsRUhNTWVNS1dCZ2V1aXUwY3hTSTE1TElBVVpyMkc5SUdBbXYyclRkWHp2SkZpUGdGdUZxNzI2TENVS2FHQWRKTHFCSWh2ZFpSWXZxUm4tYjFJM0NJZUlQZk8tY2Nma0h4b21TYVBO?oc=5,"Thu, 27 Nov 2025 08:00:00 GMT",2026-02-15T07:57:31+09:00
GoogleNews:健康　栄養,健康　栄養,【村上】給食実施状況報告書の提出について - pref.niigata.lg.jp,https://news.google.com/rss/articles/CBMie0FVX3lxTE5oc0t5WTcxX3JkZkQ3QXdyaHpmaU80bGg5akM3aTQzR3ZVaHJjTjBuaGFYTk1TSXZFMjdsMHM0MTlJY0tVaVFPYm4tWk1NOHAtaDMtWF9VZk5obnhLeVVTVm5rek04Y3M2V2NQT1BLelc4bFdxWkRDa3J5MA?oc=5,"Fri, 21 Nov 2025 08:00:00 GMT",2026-02-15T07:57:31+09:00
GoogleNews:健康　栄養,健康　栄養,健康的な食事を促進するための日本版栄養プロファイルモデルを開発 - nibn.go.jp,https://news.google.com/rss/articles/CBMiY0FVX3lxTE5zOHpCS1JfMzAzR3I1U0xDeUViNkRjMmYxOTBxVWtVR01kMVNTWEVHRVV6UDJxcFRRc1g5bDRJMEdtZ0FzaDQ1U2lWQ1BWQUY0SWlGWFh3VWdLa2JxU2lCRjNZTQ?oc=5,"Tue, 13 May 2025 05:26:18 GMT",2026-02-15T07:57:31+09:00
GoogleNews:健康　栄養,健康　栄養,第20回食育推進全国大会inTOKUSHIMAに参加します！ - nibn.go.jp,https://news.google.com/rss/articles/CBMiaEFVX3lxTE1BVjRoQU9CaEJFVG5RN2JydWcyam84dzdqNlpXTDlORnNvX05wMTFMcnBsSnAxUmpCV000UHhOVU9vbDJCZGxYOUJ3THYzT2RtSFlGaXJNM3pUUVIyX1FzZm15UVc3MUFx?oc=5,"Sat, 07 Jun 2025 07:00:00 GMT",2026-02-15T07:57:31+09:00
GoogleNews:健康　栄養,健康　栄養,健康栄養学科 スポーツ栄養学研究室の学生たちが都立高校ローイング部の選手に試合時の食事提供を行いました - jumonji-u.ac.jp,https://news.google.com/rss/articles/CBMiVkFVX3lxTE9hM0RpN0xWcUhmdUdwNlZwaWdzaWpPSi1rWWFRNEw5blVQSHRhbEdPYk9lTjVmQ2NTRE9IbGgxR3YySDNOdDAtMVpzbHRoeDJlOGhCQXdR?oc=5,"Mon, 23 Jun 2025 07:00:00 GMT",2026-02-15T07:57:31+09:00
GoogleNews:健康　栄養,健康　栄養,カラダと向き合う！健康みえる化測定会 - city.yamagata-yamagata.lg.jp,https://news.google.com/rss/articles/CBMingFBVV95cUxPbFdPM0tySm5saGlaeG9pakZ3dzVWWl91c3BJMDEwTmpaV3dHTVJmSlVUSUVmcGRBWVpxMlNfNlVFazJQeWVJNzdJdmZSY2o3MmxjN182RUl0UmJpTEVOSnJJQXdQLUoya18zLXpZdGNTMzVRdlZOaWtmYmY5TmZEVENjd3J0cFJlN1FQakk2SVZZLVE4akRFZElsbTVnZw?oc=5,"Wed, 08 Oct 2025 07:00:00 GMT",2026-02-15T07:57:31+09:00
GoogleNews:健康　栄養,健康　栄養,炭水化物の摂取量が少ない人は、45歳以下での骨粗鬆症性骨折が多い 米国の国民健康栄養調査の解析 - sndj-web.jp,https://news.google.com/rss/articles/CBMiS0FVX3lxTE9sOXMyUmhTZ3EwNUNrSWl3OXNndm5QczcwVjNZRTNZdzRNNVdNYVpyZXNrV0NwOC1ybDFabXFWb0ZHeVZpa1NNa1YxZw?oc=5,"Fri, 12 Dec 2025 08:00:00 GMT",2026-02-15T07:57:31+09:00
GoogleNews:健康　栄養,健康　栄養,【日本学国際研究所】紀伊國屋書店新宿本店「相模女子大学日本学国際研究所と学ぶ・知る・考える」vol.9『戦後日本人は何をどのように食べてきたのか？～国民健康・栄養調査結果から考える～』を開催します | 大学からのお知らせ | 相模女子大学・相模女子大学短期大学部 - 相模女子大学,https://news.google.com/rss/articles/CBMiWEFVX3lxTE9FT0Y3dW5EejMzTWhLQVJkYzdVUkgxWHRocmU0WF9tUTZhRzdBbjVJbHRzcm9Pc18yQUd0N3hZQ0V6U01FanprS2lKYWIyVnl0VHgtSFRZQXE?oc=5,"Mon, 22 Dec 2025 08:00:00 GMT",2026-02-15T07:57:31+09:00
GoogleNews:健康　栄養,健康　栄養,糖尿病「強い疑い」約1100万人　　24年国民健康・栄養調査 - 日刊薬業,https://news.google.com/rss/articles/CBMiSEFVX3lxTE5yeURuN2Jvc1N2R1lRSkp6bEJPSS1nZTU0XzRmNXhmbXQwRTByd1BUTk5SY1Nnd0Q1LUxOOHR0cXFVWGhNcjRMctIBTkFVX3lxTFBzZTZyWW8wdndmOElmTWdDeWY5TlJJTHhNQVFrUld0b3dKM1k4dndJalJPZXFRbm1PamoxWW42RkVnS1FYV0F2TlZOcTJBdw?oc=5,"Thu, 04 Dec 2025 08:00:00 GMT",2026-02-15T07:57:31+09:00
GoogleNews:健康　栄養,健康　栄養,【健康栄養科学科】7月オープンキャンパスを開催しました！ - 福山大学,https://news.google.com/rss/articles/CBMiW0FVX3lxTE9qWk05NHFIeXphVjNkX3lkUEFlaXJwZmUyZzFvcXRaSklzTzZkNENHd3JrMURWdnZaTzczSVR3aXlZT0VudWpKbDdaQU03VFExVFc2ckJ6V09sT2M?oc=5,"Thu, 07 Aug 2025 07:00:00 GMT",2026-02-15T07:57:31+09:00
GoogleNews:健康　栄養,健康　栄養,健康栄養学科の学生が中学校教諭（保健体育）で現役合格を達成しました - jumonji-u.ac.jp,https://news.google.com/rss/articles/CBMiVEFVX3lxTE9NNHZHeFZFQUFXcU9kcVhxVTJ4MHlORlJPY2U5RWdwX2VGblk4Q3F5ckN5ZEk4SFdKQTkyZWFjeFBYcEVNY1FOaWFqMWtvQ29mcTVCZA?oc=5,"Fri, 17 Oct 2025 04:03:14 GMT",2026-02-15T07:57:31+09:00
GoogleNews:健康　栄養,健康　栄養,【参加費無料】9/9開催・講演＆意見交換会「健康と栄養〜日本人の食事摂取基準（2025年版）のポイントとバランスの良い食生活について〜」 - sndj-web.jp,https://news.google.com/rss/articles/CBMiS0FVX3lxTFBQNVdBckhTMEZLcWhuVXBIOExFWF9udmphb1g1bnU4SFNLSThhRkt6REFuOWltMzJfNFNtc0xwY296aWNWTVNlNUlnVQ?oc=5,"Tue, 02 Sep 2025 07:00:00 GMT",2026-02-15T07:57:31+09:00
GoogleNews:健康　栄養,健康　栄養,森永乳業×ワールド・ビジョン・ジャパン ベトナムの子どもたちの健康・栄養改善を目指す「Smiles & Health for Children」 第2期事業を終了 - 国際協力NGOワールド・ビジョン・ジャパン,https://news.google.com/rss/articles/CBMiZkFVX3lxTE5rcnY1WnBPbmxBQy1LNTdmWjlhR3kxMlFtMFJ4eTRDUUZDNGR1SGk5UXNaTlBYazFFN1E4dVg0WnJ4dTR2cjl6UUZnOXJTTzNsQ1pFZ1JNZnBNNWc2RXVKRHZ6dlphQQ?oc=5,"Mon, 30 Jun 2025 07:00:00 GMT",2026-02-15T07:57:31+09:00
GoogleNews:健康　栄養,健康　栄養,【健康栄養科学科】広島県の食材をPR！ 東広島市 上ノ原牧場カドーレを訪問しました！ - 福山大学,https://news.google.com/rss/articles/CBMiX0FVX3lxTFBmWHU1U3dVT2ZTZnR4MDZ1dEVuVWRxUThVakpUZmtybS1lZXlZQnM5X2V6SUlaQWdUZmk0WW5kLVpMM24teWM2Y3I0TFRSMTR2VDR3Ri1Oa29uV25pT0hB?oc=5,"Tue, 07 Oct 2025 07:00:00 GMT",2026-02-15T07:57:31+09:00
GoogleNews:健康　栄養,健康　栄養,糖尿病患者は1100万人、20歳以上の12.9％【国民健康・栄養調査2024より】 - ダイヤモンド・オンライン,https://news.google.com/rss/articles/CBMiTEFVX3lxTE43bWNCdU9wNzBsQk5hUk9abldlQTB1S3BkTXdvQzc5TlZieWpCanBwZWxQLVVacTVzenQwQVZtWEtKMVVFQ1RnOG1xVFLSAU9BVV95cUxOaThCNGxtYmtpdzQxZHdHX2Rud1g4NXZlY2hCZE5lbGdIdEpGZmkySUxGdkxxWUtTOVZEZDVjYjdiYXIyTGRpMmVjckFSVTZr?oc=5,"Wed, 07 Jan 2026 08:00:00 GMT",2026-02-15T07:57:31+09:00
GoogleNews:健康　栄養,健康　栄養,豊かで健康的な食生活のため、 適切な食行動に影響する要因を紐解く - nibn.go.jp,https://news.google.com/rss/articles/CBMiZkFVX3lxTFBKTWNUVWMwUjB0bzFkNWU0VnpnbnplRC1JM094M0YtYlhVaXptWmtmREFLcE01NzZoU1RoU0wtaXh5OGVYRXh2azVCMUJBN3BZczJrcmFoNTFHTW9UVi1pUVZ2TGt2QQ?oc=5,"Sat, 19 Jul 2025 22:24:27 GMT",2026-02-15T07:57:31+09:00
GoogleNews:健康　栄養,健康　栄養,【健康栄養科学科】新任教員4名を紹介します - 福山大学,https://news.google.com/rss/articles/CBMiU0FVX3lxTE5tdTQ0SDVzWUQ1NnNYNVpLT3Bweml2RjNTcHZ4djBUbTh6MWp2NnRVYXI2TlM1b2NtVzExa2RSS01ST0ZxdlVhTm1fMnkzSkpDemdj?oc=5,"Wed, 16 Jul 2025 07:00:00 GMT",2026-02-15T07:57:31+09:00
GoogleNews:健康　栄養,健康　栄養,鹿児島純心大が健康栄養学科の鹿児島市移転を2029年度に先送り 在学生への影響配慮 27年度に「情報学部社会共創学科」新設 - 南日本新聞,https://news.google.com/rss/articles/CBMiV0FVX3lxTE5zeTBfQ18tZFMydEY2b2ptcTBMLVdjZkdYRGlDUDdaeVZGY2Fvb2t0MHc4bXdKVGxMUkY4NDgyNUxJVDYydHdpdGNseVFHNzdYOWEwN3I3Yw?oc=5,"Wed, 12 Nov 2025 08:00:00 GMT",2026-02-15T07:57:31+09:00
GoogleNews:健康　栄養,健康　栄養,治らないを治せる未来へ。国立研究開発法人医薬基盤・健康・栄養研究所が初めて大阪マラソン2026チャリティパートナーに選出！ - PR TIMES,https://news.google.com/rss/articles/CBMiakFVX3lxTE4wRnhOczNDMDF4czY2UHJKeHJtVkNlVThuZDBtYjJlUnN1ay1UVU8zbzhZaWgtQ3g2WTMzUjJpUUdCOHNWMGJJbVdpTEpORE5xVGhkOW1sMUJaSmlyRTJMNnRrdkgxTGZGYmc?oc=5,"Fri, 26 Sep 2025 07:00:00 GMT",2026-02-15T07:57:31+09:00
GoogleNews:健康　栄養,健康　栄養,第4回近未来ワクチンフォーラム - PR TIMES,https://news.google.com/rss/articles/CBMiakFVX3lxTFBzcF9zOXZPcGFDTXJoRlZRanEzNEhjbEZZVERoVy1vNGZWSjM2aHN3cm5jN21wRHIxOEEzLWFEZkl4ckEtWnRWMDgwcjRqWVN0WWlwOFNJdDh5eTdCbjdZYzEzczlmWll0cnc?oc=5,"Tue, 18 Nov 2025 08:00:00 GMT",2026-02-15T07:57:31+09:00
GoogleNews:健康　栄養,健康　栄養,北九州市 減塩ガイドブック 第3版（改訂版） - city.kitakyushu.lg.jp,https://news.google.com/rss/articles/CBMiZ0FVX3lxTE1ta3BURkZEY3IycmhvOUdsQzU1UnVudnJLTURaa1dCbTJrTldUS1otczJIWWNaMmZFZUFBRE1HVnh5Wjg4S01TaDh0UkVfV1BRQjhkbEczUUhSRE9NbkRDSWNiMGs4cGs?oc=5,"Wed, 22 Oct 2025 07:00:00 GMT",2026-02-15T07:57:31+09:00
GoogleNews:健康　栄養,健康　栄養,10人に1人が糖尿病疑い、男性は3割が肥満／国民健康・栄養調査2024｜CareNet.com - CareNet.com,https://news.google.com/rss/articles/CBMiX0FVX3lxTE1ETW9EOVFnYWpCZllVT1otblFFRUc1cW55V2VmaEsyVkpzclRpdi1VWmFRV29fUHdhaEhKQnh0SE9Ddm1kZ29VV0R5RHprMHpBMEw0blhwazJxeWFmeUlJ?oc=5,"Mon, 08 Dec 2025 08:00:00 GMT",2026-02-15T07:57:31+09:00
GoogleNews:健康　栄養,健康　栄養,食塩摂取量、過去12年で最低に ―令和6年 国民健康・栄養調査結果の概要 発表 - 健康メディア.com,https://news.google.com/rss/articles/CBMiWEFVX3lxTE1pUklzRkNSUWpTYnNkY3JzVklGRWlwcVJCNDFrOUtBUWYzeVZvTE9JTjU3M0VROVdBWnNyblBxdktLUDZ4cjRteUIxc1lDeFNHQVlNN003NUI?oc=5,"Tue, 09 Dec 2025 08:00:00 GMT",2026-02-15T07:57:31+09:00
GoogleNews:健康　栄養,健康　栄養,食生活改善推進員養成教室のご案内 - city.kitakyushu.lg.jp,https://news.google.com/rss/articles/CBMiZ0FVX3lxTE05bVhTUUtiZ0JFdnFMcFFpWTFmRDNNT2I4QlFjRjhTRURFNDRnMFhZeUdocGZyekdOU0VpTTZWOHM2NEdVaUdWYXdXMnFMQUc0clhZek9XeTNJeDZVSUlKck1TOXZuOTA?oc=5,"Mon, 08 Sep 2025 07:00:00 GMT",2026-02-15T07:57:31+09:00
GoogleNews:健康　栄養,健康　栄養,東大、医薬基盤・健康・栄養研究所との共同研究で多価不飽和脂肪酸の完全固相合成法を開発し新しい抗炎症性脂肪酸を発見 - 日本経済新聞,https://news.google.com/rss/articles/CBMibEFVX3lxTFBiSTI5SjB5QnZLNlhOU2toUW41WHJxYXVUTUFEV0x3ODJQMTdpRWZ4NnZfR29pSEVibUJtZUxnVHRpaDg5a1I0MV9ac1JQbG15VjFhcVJEdk40SUVzcW85Tm9MUmNFU2JEM0I4eQ?oc=5,"Wed, 25 Jun 2025 07:00:00 GMT",2026-02-15T07:57:31+09:00
GoogleNews:健康　栄養,健康　栄養,「医療・健康おおさか産学官連携フォーラム2026」を開催します！（2026年1月27日（火）） - PR TIMES,https://news.google.com/rss/articles/CBMiakFVX3lxTE5FYlVzbTFrRHE0ZE0yUjgzYnJUMXNlQV8xaTdfQ2NnT3dSV0Mwc08yWmQ0NUJGLUJzeERMZ2VHQk4tUXZzU25lS0VIRHVRdXRZQW1heEtkY1ZWcEc2bHpRWUphMjFKbWR2TEE?oc=5,"Wed, 26 Nov 2025 08:00:00 GMT",2026-02-15T07:57:31+09:00
GoogleNews:健康　栄養,健康　栄養,生活習慣病リスクを高める飲酒の現状と改善に向けた対策～男女の飲酒習慣の違いに着目して - nli-research.co.jp,https://news.google.com/rss/articles/CBMib0FVX3lxTFBMaXNqeF9QSHhuUlQyVFdNS1M4NE14UXZyc1IxejlpTHZONnhqNmp2LXN4TnNRMGRQQmZ0Y3VMckx6M1pGU0pyUDlQVDI3cVpuRXZuQjB4NExJcW1JZ25DbEQ4OHR4X1FrdWFsbUp0TdIBf0FVX3lxTE1qcjBKa1hwS3JkQ0Frdk1TbU93cFR1amIyblRfU0lrNkFFSU52NzBPSkZ1SXdVdFhjeHktQ2hva3E5dUZwMVp4dThQaEhTYVZjME4yN2FxM1N5YTZ1Qk9HcTg3Y1Y0NktIX1I2bFR0VGJKTHJoOHV2eGUzODlGTHc?oc=5,"Wed, 29 Oct 2025 07:00:00 GMT",2026-02-15T07:57:31+09:00
GoogleNews:健康　栄養,健康　栄養,【健康栄養科学科】9月オープンキャンパスを開催しました！ - 福山大学,https://news.google.com/rss/articles/CBMiW0FVX3lxTE1NeGlYQV96d3d4ZjNHaE5ubjl2UWtLODEzTm9FM2VudEtWVU5YOTA3eWVVZFdjMHhucHlrV0MwQkxHSmFkbWJlcWppdjNDRFM4eXFwTkFDclBtZGs?oc=5,"Mon, 22 Sep 2025 07:00:00 GMT",2026-02-15T07:57:31+09:00
GoogleNews:健康　トレンド,健康　トレンド,スーパーフード市場の展望： 健康トレンドと持続可能性が牽引する活況産業 - newscast.jp,https://news.google.com/rss/articles/CBMiR0FVX3lxTFBJQ3huSGJJR2VmX1BGQ0ZsYkpadFFLNE9ncmlQbWdHdXZCTDJYenk3bHNHN1VldDZUR2tTSUNucUNYNTZDUTZV?oc=5,"Thu, 12 Feb 2026 02:00:00 GMT",2026-02-15T07:57:33+09:00
GoogleNews:健康　トレンド,健康　トレンド,トマトジュースが健康志向の高まりで人気 豊富な抗酸化成分【経済トレンド】 - 47NEWS,https://news.google.com/rss/articles/CBMiS0FVX3lxTE5CT250Y2JTSnVqRlFJTk1tek1fYUxQNDV3aXFjTEJjRllJUGlLRXJ5SHRzWkRtRHJVc1QtczN1Mm9qWTlZemlOQmdfMA?oc=5,"Wed, 11 Feb 2026 20:04:00 GMT",2026-02-15T07:57:33+09:00
GoogleNews:健康　トレンド,健康　トレンド,健康と体重管理を重視する消費トレンドが広がっているが、ケーキの消費はむしろ増えている。 記念日にだけ訪れたデザートから脱し、カフェの日常消費に定着し、主要フランチャイズを中心にケーキの売上げが二桁の成.. - 매일경제,https://news.google.com/rss/articles/CBMiUkFVX3lxTFBtcGNid2l3anF5Mm1tbEFOeVJOZHlSTVdMSXR6R3poajFlU3BhdDc4UlhKWV9kbnlUQ05jM0V1NVRGN18wRlVhVWxFYkJqSnl4VXc?oc=5,"Wed, 11 Feb 2026 07:08:18 GMT",2026-02-15T07:57:33+09:00
GoogleNews:健康　トレンド,健康　トレンド,【食のトレンド｜2025年振り返り・2026年予測】来年は、節約冷凍テク・深まる健康志向・海外グルメの内食化で家庭の食卓が進化 - フーズチャネル,https://news.google.com/rss/articles/CBMiVkFVX3lxTE1XWGVVYmxiSXE0SVp2OXkwXzE5d05SUzF4VW82WTczWG82MzV3b3F5UzI2T05pU002S1d5dHQ2d2NUVTYwNmZBc2V4SUo2dGRUMFdvcFd3?oc=5,"Fri, 28 Nov 2025 08:00:00 GMT",2026-02-15T07:57:33+09:00
GoogleNews:健康　トレンド,健康　トレンド,「1日1万歩」の必要はない！ 日本式ウォーキングが世界的な健康トレンドに - marie claire [マリ･クレール],https://news.google.com/rss/articles/CBMiWkFVX3lxTE9DLWxHaUVHT2dJZGg0cU9MbmY0M3diRDUxeVM1QWlydkNHcDg3c2t3bkVtQ2N4azgyQnpybTBCbGl2bTZkeTRxbmhzcEE1MzBKZXpnZGFrdEJPdw?oc=5,"Wed, 07 Jan 2026 08:00:00 GMT",2026-02-15T07:57:33+09:00
GoogleNews:健康　トレンド,健康　トレンド,24時間リカバリーウェア「ReD（レッド）」 マイベストアワード2025トレンド健康グッズ部門 最優秀賞受賞 | MTG News - 株式会社MTG,https://news.google.com/rss/articles/CBMia0FVX3lxTFBiTS1RT01fcWotcDhVLXJkYURYU3hYMmFSODk2RHhVdmc5UTVzMUdWUFp2aXJpNUVkaXJYMWhNaDBJWDl0cHpCdlZVZUc0QzE5U0xYMjRnWXR4N2JSMDlPNXNLb2dwRVltVU1n?oc=5,"Fri, 28 Nov 2025 03:02:19 GMT",2026-02-15T07:57:33+09:00
GoogleNews:健康　トレンド,健康　トレンド,健康・機能性市場トレンド2025 秋・冬 - ダイヤモンド・チェーンストアオンライン,https://news.google.com/rss/articles/CBMiaEFVX3lxTFBFcEhtbl9kYmYxYk1kZjQ1Sjg3NVdZaENmQmhIQmlwWXVBMGpJUHA5YnJfWlN6bDZSUU5SV19IMWxoRmFYeGdETmUtT0JoLVBtXy1yLS1sQWxtcV9FNEVJUGxKM3Q4QWNN0gFuQVVfeXFMUHc1OVFLaTFkM2tCTmtZRDFHdG5XcC1VUVMzNG5oRDRNcFlfTFUwWmR2ekh4TXBEWG1JWEJUcVR4RUM3bnRTR2l6alVaeVA1VV9kYmpfaHRIbDNBemtFSnE1SGlHdnlkWUV1Y3AzMGc?oc=5,"Fri, 24 Oct 2025 07:00:00 GMT",2026-02-15T07:57:33+09:00
GoogleNews:健康　トレンド,健康　トレンド,ヘルスケアビジネス、今後やってくる３大トレンドは？ ヘルスケア企業117社を調査 - ウーマンズラボ,https://news.google.com/rss/articles/CBMiT0FVX3lxTE9ZZ2szUGRveXVoeUF5SkNaa1MzM3Rxa3ZaT3hnX0lOLXN2alppQjJYUmFhdXV1S0dHaFpuRldIek42X25pbjZscjV0UlFXbU0?oc=5,"Wed, 01 Oct 2025 07:00:00 GMT",2026-02-15T07:57:33+09:00
GoogleNews:健康　トレンド,健康　トレンド,【速報】今年の健康トレンド総決算！「からだにいいこと大賞2025」受賞結果発表＆オンライン授賞式レポート - PR TIMES,https://news.google.com/rss/articles/CBMiakFVX3lxTE9HWHN2OFBrblJ3UnMtRW5OZ1kzRnpQTzA2bEI3WGxESXBrdVJXTUFYdXkzYmpjemRTUmplT014T0MyOFVRcldKNVNrMFE5YVZjT0hndlVTX3ptUzk5MlFLTVFrcXpQQWNpZ3c?oc=5,"Tue, 16 Dec 2025 08:00:00 GMT",2026-02-15T07:57:33+09:00
GoogleNews:健康　トレンド,健康　トレンド,「シニアの健康トレンドブック」（2024年3月号）発行しました！ - newscast.jp,https://news.google.com/rss/articles/CBMiT0FVX3lxTFBPZ2EteDhWZlFuZ3g4SVhFd3I4UDlnYmw1LW03UEJkb2NsNmlweTQ4UDEwdGRtbU1qR0thTFpzSnpsc09zVURqRDBjTWFKNHM?oc=5,"Wed, 20 Aug 2025 20:00:10 GMT",2026-02-15T07:57:33+09:00
GoogleNews:健康　トレンド,健康　トレンド,2025年の健康トレンドを凝縮！過去最多567商品から選ばれた『からだにいいこと大賞2025』全受賞商品を一挙公開 - PR TIMES,https://news.google.com/rss/articles/CBMiakFVX3lxTFBkNGFvd0hsWmhlemFYMDFUbkRoNHo4YjJ6NDFsdENxYjV4OHptMm5oT0NtSmhNMmJGOEtSbk5xQU9VUFpuY3piNGpMRjdJWG5ia1dFVlJBVEpDTngweFhsZlpoaUNCNWNqd3c?oc=5,"Fri, 26 Dec 2025 08:00:00 GMT",2026-02-15T07:57:33+09:00
GoogleNews:健康　トレンド,健康　トレンド,物価高への不安は「収入・資産不安」より強く、女性は10代‐20代から健康不安が高い｜2026年トレンド調査 - PR TIMES,https://news.google.com/rss/articles/CBMiakFVX3lxTFBseEpuYVRDRG1aX29MUGxMenhqUXZXeXBBZjlSa2NkSWhBdDE3RUdFMl9YbEhpNnVzc2VhdU1Ib0hTUXM0VW1PbUZaOExmR21BZG9kX09SMHVtdHhQeXk2TUgyb1lVMjg5ZlE?oc=5,"Fri, 09 Jan 2026 08:00:00 GMT",2026-02-15T07:57:33+09:00
GoogleNews:健康　トレンド,健康　トレンド,世界が直面する糖尿病・肥満の健康課題、話題の減量薬GLP-1がもたらす最新トレンド - PR TIMES,https://news.google.com/rss/articles/CBMiakFVX3lxTE5WQzk1d0VLUW5wdlBtSkVDcm1LWkg3Zk9hT3NHQno1VHdhMVQwdkRMYnJ1c3lyN0NzNWdIY2RpZEJmaWR0M21FZjZ3TGowLV9lSElhM09QZmxac09fbllBanFxazFzWXlhOFE?oc=5,"Thu, 16 Oct 2025 07:00:00 GMT",2026-02-15T07:57:33+09:00
GoogleNews:健康　トレンド,健康　トレンド,40代以降でも「乱視」は進む 理由はゆがみの軸の変化にあった - 日経Gooday,https://news.google.com/rss/articles/CBMicEFVX3lxTE1zaGJmeEh2TVhlaU45TncxcW02RVZNWWIxandFU1ZRaE9zQkJac19kWEFQdkhIcXpIWVZaYkxkbmU1MUdyNkZ2V2c1RlloLWpqS1NoNXNBRUcwSVFaNDgyemtfTkRXTzg4b2lNazl6cng?oc=5,"Mon, 26 Jan 2026 08:00:00 GMT",2026-02-15T07:57:33+09:00
GoogleNews:健康　トレンド,健康　トレンド,健康・機能性市場トレンド2025 秋・冬 - ダイヤモンド・チェーンストアオンライン,https://news.google.com/rss/articles/CBMia0FVX3lxTE12NUp1cVE1Yk5HUnBmM1VjVGVIaXRGUUM1ZXVxLUJ5c0Z1ZTU1dTRlMTVyeFhZSjJJcnBPYi1vdHFiM05GNC1NRUlkR05NY05MNVEyOVZ4dGVWNHFobmlIUHR5c1BtODZiUW1R0gFwQVVfeXFMTW5Mczk2UzhVR3llRjk2YXJEYlZVU1pJbWFqeTByMHhCYzVUYnlUTDBVeUVmd1F4b0hMaDVlOUtmRGxzTDJKVmdyUXc2dHI3eXc3R1hCNkNYRGxLeFExRWFCYkVuMEFsd0RSLXd3RzE4cg?oc=5,"Fri, 24 Oct 2025 01:04:18 GMT",2026-02-15T07:57:33+09:00
GoogleNews:健康　トレンド,健康　トレンド,英国発！ 2026年健康トレンド…３つのキーワードとは？ - Onlineジャーニー,https://news.google.com/rss/articles/CBMiakFVX3lxTE10d0Qtb19yWVN0aGJ1TmU1aW5oNHBVdUViM0pnOHk0aEtHakJuMkhoVjVhcW9BSlJ1TGZoMkFubkpMeFhFWEp3emlfdkZRN09qTEZKQkhwZTVTSVA0ZUxaUkhqdVVvN2tmTmc?oc=5,"Mon, 12 Jan 2026 08:00:00 GMT",2026-02-15T07:57:33+09:00
GoogleNews:健康　トレンド,健康　トレンド,コカ・コーラのCEOは健康的な食事のトレンドに注目しているが、それはプロテインではない - Business Insider Japan,https://news.google.com/rss/articles/CBMingFBVV95cUxQX083ZzFWRGdzY2htZkV3ODcwRFQ2UWlUM2hsNk9TNlZIM2VFQnZVLTB3WWljU0VGa3huaUJvcWhNZG8teFVqMDhJMXVHVE4zQ2tNRzRmT1BfMFlQelRwN1c1cUZxRTFmbE9LZ0lVTGNhUnFreXVPNkdHQXlPTWpqV0NCeG5qQ3RLN2FPN2lPalZZNnd0T3gyZlhfbUJKUQ?oc=5,"Mon, 26 Jan 2026 08:00:00 GMT",2026-02-15T07:57:33+09:00
GoogleNews:健康　トレンド,健康　トレンド,【最新トレンド調査】健康を考える飲食品〜中国、台湾、タイ、アメリカ、イギリス - 株式会社ヴァリューズ,https://news.google.com/rss/articles/CBMiV0FVX3lxTE9lRjZuSW5SU0RXR2JzU3d3ek91SF9ZM28xeG1UMVpGQWIxNXlwY2dXWXNnSkVyX3Z6Xy0xcmN2d3Mwb29rZnNFWnJsRW0zQ0pSR01TbVJaVQ?oc=5,"Fri, 28 Nov 2025 08:00:00 GMT",2026-02-15T07:57:33+09:00
GoogleNews:健康　トレンド,健康　トレンド,コーヒーと健康の関係…骨折リスク、認知症リスク、死亡リスク - 日経Gooday,https://news.google.com/rss/articles/CBMicEFVX3lxTE9UcF9LNnpkMzJKRlI3QVVCcGl2QkFmMnlXRjBUODNrdHduTUdqM1pWUUFDM2lHbzBsdlNvU1NNbXdxaFZjcWJDSkdJZ2RXbzlzRk5zZFk2MFhTY2JkUjJOUVY2clhaUkY3U0U1dHdlZjQ?oc=5,"Tue, 14 Oct 2025 07:00:00 GMT",2026-02-15T07:57:33+09:00
GoogleNews:健康　トレンド,健康　トレンド,世界の富裕層が注目するウェルネス旅行の最新トレンド発表、世界的な組織「ヴァーチュオソ」が選んだ8タイプ、“スリープ・ツーリズム”など健康追求へ【外電】 - トラベルボイス｜観光産業ニュース,https://news.google.com/rss/articles/CBMiVEFVX3lxTE9xSmQ2WndvZU9HM0hCRndaTGQwODVlNzZERENzOGhWRk52b25PaGU5NkoyN2RYN1pRZmxoT2NrbTlMaHZxOUk3X1dOR3djTl9TWFZFQQ?oc=5,"Tue, 16 Sep 2025 07:00:00 GMT",2026-02-15T07:57:33+09:00
GoogleNews:健康　トレンド,健康　トレンド,パナソニック美容・健康家電 マーケ大改革 - 日経クロストレンド,https://news.google.com/rss/articles/CBMiXkFVX3lxTE5TRXVFMnRoQmZncTcwY2J2XzhpeC1DUlpJdmg5ZU54VHBuZHBMZGJZZTM4Y2oybmV0c2NtWFpuc0JNWkxxYUh2a1p3V21Za1k3T0hqa1JmOUZGSGlrSWc?oc=5,"Fri, 17 Oct 2025 18:14:26 GMT",2026-02-15T07:57:33+09:00
GoogleNews:健康　トレンド,健康　トレンド,24 時間リカバリーウェア「ReD（レッド）」マイベストアワード2025 トレンド健康グッズ部⾨ 最優秀賞受賞 - PR TIMES,https://news.google.com/rss/articles/CBMiakFVX3lxTE5BbFZ0SWkzVldfbEl2cXAyQ3JTYWtlaHJNM2VKdnFzMVduZHlPZ0lsSU1sSEVyeVMxdERncFNLOUVVU3JzbEhlVGRiRUVUTUpZdDJYbHpmOWd4WEN2UVpNZG0zVmFfUDhmN3c?oc=5,"Fri, 28 Nov 2025 08:00:00 GMT",2026-02-15T07:57:33+09:00
GoogleNews:健康　トレンド,健康　トレンド,ポイントは食物繊維！ 今注目の健康トレンド、ファイバーマキシングとは？ - ELLE,https://news.google.com/rss/articles/CBMimAFBVV95cUxOTFJvbThRd1dYbUlmNFhiXzNZN1hiNUVpTXJFQ2pMQ29qNmszZzR3UW5aQ3NDT3Q0bzlOWWZLREE5QXRDV3pDZ1BTLVJhaEl0MGJDbzhzVWRjNjFnLXJKaDgtZklBOVdVeDAtbnZ0MmNFdXFyVEpHVFdzTmVYSVJmTkVvZXVHdGE2dWItVHZxUmIybUlsNFVpTw?oc=5,"Thu, 25 Sep 2025 07:00:00 GMT",2026-02-15T07:57:33+09:00
GoogleNews:健康　トレンド,健康　トレンド,7つの健康セグメントにより生活者の “ウェルネスに関する意識・行動”を分析『ウェルネストレンド白書 Vol.4』発刊 - PR TIMES,https://news.google.com/rss/articles/CBMiakFVX3lxTE9valhsdEFSS2EtRm5QVHJ3Z2RyWHJ1N05RMjR6QUpqV0RIcjdYTU9jeTUwNTh2R2JCbGNHZlhoVlZvT19pRnd1MVVUSDRuejZISG1yM3RiaWlYSzJWR0hHa3FtSURXQmhTNEE?oc=5,"Tue, 03 Jun 2025 07:00:00 GMT",2026-02-15T07:57:33+09:00
GoogleNews:健康　トレンド,健康　トレンド,2026年の人的リスク管理のトレンド - Health-ISAC,https://news.google.com/rss/articles/CBMi7wFBVV95cUxPSEs3WUh0S00zSHBTRlpMNm94TWNBS3paWEVBRzREZnNkQXowLTFCZmdRRXRKNElJMTRXbWtpWDJKbzNJLXV3dzRiQmtiVzJLVzdEdnQ0bWhDbjNsWFEwZXBtdUw1SHVSbkcyQ05vZFhURllGZm1FWnRqeWhVMGhVS1lKR3YzMmNTNEl6eHRqY2xKSElkeDlIS2YwSFlCcU42ZGhKeWluVTZHdGZRd2hVM3dYOVlYcDhjV0FqOU5vMHVoTGxBQkdKV3FFVzdNWXJfT0RnbXJRN2JfcW1sOVltZC1JM09VOWpMZDdnZlVSZw?oc=5,"Thu, 22 Jan 2026 19:32:08 GMT",2026-02-15T07:57:33+09:00
GoogleNews:健康　トレンド,健康　トレンド,女性の健康投資市場を形成する6つの重要トレンド - Forbes JAPAN,https://news.google.com/rss/articles/CBMiWEFVX3lxTE9vNmVHR05adG5oeElQNjJhT3lFMERIMzNOUWR0czRqUWZuTTA2bGc1VGZqZldXb1dOUEtaOTNoNENDZjk2ekI1OU5oOXkxWjIyc3JuM21UeTY?oc=5,"Thu, 15 Jan 2026 08:00:00 GMT",2026-02-15T07:57:33+09:00
GoogleNews:健康　トレンド,健康　トレンド,株式会社enstem、日経クロストレンド「未来の市場をつくる100社 2026年版」に選出 〜働く人の“健康起因リスク”可視化の取り組みが評価され、「健康・ウェルビーイング」領域で選出〜 - PR TIMES,https://news.google.com/rss/articles/CBMiakFVX3lxTFBael9UQzJzM3hFT2stMVRhTmFncEFuX0NMSGNxd2lodGNaSVVtQ3o4Z2huR1FscDJmLVdtMzVJM2w5V2JNZjViZnlhQ0U2dlhXQWVqbTBqZ2pmQk5tVEhmVEJTb0I1UWhGVEE?oc=5,"Fri, 12 Dec 2025 08:00:00 GMT",2026-02-15T07:57:33+09:00
GoogleNews:健康　トレンド,健康　トレンド,【来場登録開始】国内最大級の健康・美容ビジネス展「健康博覧会2026」2/25-27開催 ～新企画続々、400社が最新トレンド発信～ | インフォーママーケッツジャパン株式会社のプレスリリース - PR TIMES,https://news.google.com/rss/articles/CBMiakFVX3lxTE5tUlR3Mnk0T3U1WmhsZHhTTWNTSDB1YUFDVm5iZWF2b0xSenFFdVhMSDEyTTJEQTZxNVdOaDAtdmEyNEZ2aDJPb0xnRWFYR01kVWUyQVgtSGZZZGlDbzFGaUJicGhlNEREcnc?oc=5,"Wed, 24 Dec 2025 08:00:00 GMT",2026-02-15T07:57:33+09:00
GoogleNews:健康　トレンド,健康　トレンド,「ホルモン・ウェルビーイング」「養生コスパワー食」「カスタム免疫ケア」など、2026年上半期の健康・美容分野の動向を予測した「FYTTEヘルスケアトレンド2026」を発表！ | 株式会社ワン・パブリッシングのプレスリリース - PR TIMES,https://news.google.com/rss/articles/CBMiakFVX3lxTE1sajZsRS1kTElFaXE3ekxKY2t2cUE1MThEczZOYlNQd0pJUlNETWxLbU5zcHBXcDBfejNPdG5RN0VXZXhpYTFzb1lHZFdPYm5EbHRSdklTbEp3UW9JdHpQcmN2QVd3RlgtNWc?oc=5,"Fri, 12 Dec 2025 08:00:00 GMT",2026-02-15T07:57:33+09:00
GoogleNews:健康　トレンド,健康　トレンド,ヘルスケアトレンド2026 - FYTTE,https://news.google.com/rss/articles/CBMiUEFVX3lxTE5kMy1TVkVVTHFoX3NpaVBFeHN3T28wZVBLa1djY0V3RDhra255LV9oUVZsUndWRVJiQ2dUTXJ0czhxTEs3dVlGaVkyeE5oUzRW?oc=5,"Tue, 23 Dec 2025 08:00:00 GMT",2026-02-15T07:57:33+09:00
GoogleNews:健康　トレンド,健康　トレンド,【2026年トレンド予測】専門店の増加や健康志向の高まりでベーグルがさらに盛り上がる予感！ - 日刊にいがたwebタウン情報,https://news.google.com/rss/articles/CBMiU0FVX3lxTE80cjhHSDhCQUNHTVVGMElrUkZMbHZTTzh5N1RfcTJnMDNJc05rNnVETUtDaDVBSjYtanJJWTM4aUpUMFgtVlM2SGdjdm9pN0IzRmFn?oc=5,"Mon, 12 Jan 2026 08:00:00 GMT",2026-02-15T07:57:33+09:00
GoogleNews:健康　トレンド,健康　トレンド,2025年トレンド料理ワード大賞は「せいろ蒸し」！麻辣湯やカムジャパンなどTOP10発表 ～ 健康・エンタメ・多国籍がキーワードに ～ - PR TIMES,https://news.google.com/rss/articles/CBMiakFVX3lxTE5kZ09FQzFUMzNNd0JSanB6WmtXZGxtZVVfOFBHUy1DbWVtWTZXSi1TUnNDRTR2M1kxeW5SUHZVNS1HNHdUdHNhRHdCb1ZwblhTTWZJQl8yeGQ4U2pwMERoa1VsajVDblo0SkE?oc=5,"Wed, 26 Nov 2025 08:00:00 GMT",2026-02-15T07:57:33+09:00
GoogleNews:健康　トレンド,健康　トレンド,満月はどう見える？ 中高年の「見えにくさ」は老眼・近視・乱視から - 日経Gooday,https://news.google.com/rss/articles/CBMicEFVX3lxTE1mdGQ4UV9uWHBUdTl4ZDdUUkRZZFh0dl9XU3JoeU1sVGVKMS1hY2g2Y0ZaUVh1Zld4R2Nwb1BKVzI0RTlXN2RaU0NYaENSNjVEME9RTEJfWkg3dEE3Mk44Rm94ZGs4Ri04QXFLSzF2WEk?oc=5,"Thu, 15 Jan 2026 08:00:00 GMT",2026-02-15T07:57:33+09:00
GoogleNews:健康　トレンド,健康　トレンド,健康・美容のトレンドが集結「からだにいいこと大賞2025」本日よりエントリー開始！選考過程が〝見えて楽しめる〟特設ページも開設予定 - PR TIMES,https://news.google.com/rss/articles/CBMiakFVX3lxTE1XbWdWWDVhd1ZnZWxWNWxhd0Qyd2VseWRfQ2kteUtTTVVrMEw1Y0d6dElGdWxyNkxfNmVJaHNXLW9Lel9JY1dxemR5cFNaYlNUTERMcWZDTkdZXzRwQ1d6TzBYb0VRNWQtSWc?oc=5,"Mon, 02 Jun 2025 07:00:00 GMT",2026-02-15T07:57:33+09:00
GoogleNews:健康　トレンド,健康　トレンド,株式会社ネオマーケティング、2026年トレンド調査を実施 物価高と健康不安が2大関心事に - コマースピック,https://news.google.com/rss/articles/CBMiVkFVX3lxTE1HUW1KbXZuR1NXVDFnTm9Va29Od2FsRFhkRWZNeGU2WmVJeDRpYXY4Q3liTU5aaXNGS1ZpRDVOcnVwZU0ya1ZnVU54bTIxTGJQN0YwTzZR?oc=5,"Tue, 13 Jan 2026 08:00:00 GMT",2026-02-15T07:57:33+09:00
GoogleNews:健康　トレンド,健康　トレンド,消化器系の健康市場の規模とシェア、トレンドと成長、2027 - Fortune Business Insights,https://news.google.com/rss/articles/CBMiswFBVV95cUxOd3VKcWdDMWZoWGNzblQwWFJUUnBQRXF0Y1UwS2FRZVdjRVJZang1RjdSMkN5TWZDMURqZ1hFX1J1RE95RExrQW40b010VE03UG5PR0FLMERpYVRScnQyMjZGemdVOFE0enFJUVNGUEV2RDZwR19qbDhhbEtOeExnaGlDV2U4Y0tjeWNHV0M1VmFZX1ZDOGNCTjRxWkM4ekpNR2FfSWFnSUw5RndMdk1LeExITQ?oc=5,"Mon, 19 Jan 2026 08:00:00 GMT",2026-02-15T07:57:33+09:00
GoogleNews:健康　トレンド,健康　トレンド,2026年の消費4大トレンド、心の安定・個別化・次世代ウェルネスがカギに ― ユーロモニター - やまとごころ.jp,https://news.google.com/rss/articles/CBMiVkFVX3lxTE04M05uQXdpcGhEWFVvVzh2eG5wNWNPMjJNSEZHZDVjdjBpOHo5MktLenl5OTZBTXYwQ2thcWFwWlp4ZjVMRVFfdkFKS1h0UmhkdXh1Vi1n?oc=5,"Tue, 23 Dec 2025 08:00:00 GMT",2026-02-15T07:57:33+09:00
GoogleNews:健康　トレンド,健康　トレンド,成長株の「健康・機能性食品」売れ筋トレンドを読み解く4つのキーワード - ダイヤモンド・チェーンストアオンライン,https://news.google.com/rss/articles/CBMiaEFVX3lxTE80dW0zWmtZYkZmMW5mU25WT0VEcVo1OUFBLTlacTV4ZVdZTmZoLVZQRFoxWjZjbS1oRHF2YzRnVVJYTmFWRW42M3NjZlRzcmpZSDJEdmtxc3J0TFhwX2FqM3ZiMkdRWXVR0gFuQVVfeXFMTXd4OU1yMDBCS1hkMS1xMzVaUW1lN0JtOUhhODBwZFNZQkpaZEw3czQ0WG45SlFWTExHUVpsc0x6b0cwODZEN1A5dm5UaEFhM1c4alJhVURhek00TlJxQUJfcDB6ZDd3OXBMM0g3ZkE?oc=5,"Tue, 15 Apr 2025 07:00:00 GMT",2026-02-15T07:57:33+09:00
GoogleNews:健康　トレンド,健康　トレンド,旧正月の贈り物選びのトレンド: 健康、手頃な価格、ニーズへの対応を重視。 - Vietnam.vn,https://news.google.com/rss/articles/CBMikwFBVV95cUxPbjgxWnZGcm1nSzcwV0c5RXJyRGVWaWp6VDBGcDFvNWZaUUNrY1lZd3RLeklzUHBWdHdVbWo3WURpXzdFbF82Q2YtcEcxT0pFcFoxMHhESUVPbnlxRV96bWRTd2s5Z2t2bGttS2VkOUdiUTdKQTBacC1MaFBoYkJobWVmM1FSaTZpRThSai1UaElHWDQ?oc=5,"Tue, 27 Jan 2026 08:00:00 GMT",2026-02-15T07:57:33+09:00
GoogleNews:健康　トレンド,健康　トレンド,まもなくエントリー締め切り「からだにいいこと大賞2025」 今年もたくさんの健康・美容のトレンド商品がエントリー中！ - PR TIMES,https://news.google.com/rss/articles/CBMiakFVX3lxTE05U3pwd2tCWW9iSDN6QnNIYW5ubGFEdTBPc0lUUXdkTGV2SWFyRHZNcGhWMHRFVEJEVGQ4TmZmOWNWdXNJQ0VRMG92bkxrVWhBUXVBZnl2TDJTS0QyZ2JmdF9jR3ZtRXpqenc?oc=5,"Tue, 08 Jul 2025 07:00:00 GMT",2026-02-15T07:57:33+09:00
GoogleNews:健康　トレンド,健康　トレンド,AIが支える健康長寿—トレンド療法より重要な日常の運動 - Forbes JAPAN,https://news.google.com/rss/articles/CBMiWEFVX3lxTE1RZG4wQzdEcV82bTNubnV6aUVWYm1ZdFlxNnFtM0owUGRBTHprbGVpVlZkei1QTE5GVkpyN2Y2QU4tOGhybGVtLTBkUS1kQXprNHphWDVjcHQ?oc=5,"Sat, 22 Nov 2025 08:00:00 GMT",2026-02-15T07:57:33+09:00
GoogleNews:健康　トレンド,健康　トレンド,26年は「健康ゴルフ飯」がトレンド入り!? リソルの管理栄養士ランチとミズノ×サッポロの「スポーツノンアル」 - golfdigest-minna.jp,https://news.google.com/rss/articles/CBMiV0FVX3lxTE5Hdmx4ZGEzUzRhcTJhdWsxWkRMNm1BVl9uVEx3VmZtV0wySmotU0xwTDlMZWZoc3dubGpobHJfdVNMcnZ4Q1o1b0ZBNnBVa0daY19XaTJZWQ?oc=5,"Sun, 18 Jan 2026 08:00:00 GMT",2026-02-15T07:57:33+09:00
GoogleNews:健康　トレンド,健康　トレンド,CES2026における「女性の健康」トレンド - newspicks.com,https://news.google.com/rss/articles/CBMiU0FVX3lxTFA0LWFVOERtZHBvMXE5MEZ6Mm8tNXE4c2xzMVg0bWtNNmFvc1hIc1U2V3FIczk1YlB3UFJxUnVHY29saGVpUmZ2SnRhX2VrWWhXa2F3?oc=5,"Sun, 11 Jan 2026 08:00:00 GMT",2026-02-15T07:57:33+09:00
GoogleNews:健康　トレンド,健康　トレンド,“食べてキレイになる”韓国発ニュートレンド！ 美容と健康を楽しむニューウェイブ Kフードをさきどり体験！ 『ニューウェイブ K-FOOD試食会2025』大阪コリアタウンで開催 - newscast.jp,https://news.google.com/rss/articles/CBMiT0FVX3lxTE00b3hpTlNBZFZHWmdPZWRfYWxtZ2R1NlJqUlhkWmsxd3RIVXBfNG9sM2dtdXJSQVpNNms5akxwRmhnbE94NjVLYWdKS1dMMTg?oc=5,"Tue, 14 Oct 2025 07:00:00 GMT",2026-02-15T07:57:33+09:00
GoogleNews:健康　トレンド,健康　トレンド,本紙トレンド番付、横綱はプロテイン - 健康メディア.com,https://news.google.com/rss/articles/CBMiZEFVX3lxTFBEVGVPT1cxYWNRVnlqVHFGVTloV3pOWmNkeHdxUXQ3alNDS1lMRnB0MC1aZjF5eENWbkpycDQ0VXNIdlRCOTVXbTNsTU1hWTZNOVlGTTZ6SEZwd0cwa1F4UXpDa2M?oc=5,"Wed, 16 Jul 2025 07:00:00 GMT",2026-02-15T07:57:33+09:00
GoogleNews:健康　トレンド,健康　トレンド,“食べてキレイになる”韓国発ニュートレンド！ 美容と健康を楽しむニューウェイブ Kフードをさきどり体験！ 『ニューウェイブ K-FOOD試食会2025』大阪コリアタウンで開催 - アットプレス,https://news.google.com/rss/articles/CBMiTkFVX3lxTE9DVnprT0xFZlZXN0ZVdG9mYmxTWkJoVlRUQV95bFF4cUMwU2JBOXhJZU9HTURZcURWelBhazkzdkg4TGVqa040bi1rSUdZUQ?oc=5,"Tue, 14 Oct 2025 07:00:00 GMT",2026-02-15T07:57:33+09:00
GoogleNews:健康　トレンド,健康　トレンド,新春特集第1部：重大トレンド解説2026＝健康寿命の延伸 エピゲノム年齢で提案 - 日本食糧新聞・電子版,https://news.google.com/rss/articles/CBMiakFVX3lxTFBUdUwxX25iY0VDczl6bkV1WlRTLXZTaGttS20wWkxUQnd2bEFrZ19JOFRFekl1Nk5UZ09pVGRTS2M0QWxNMVB0TW1vc0FxVWJ1OFhaRjg3N25ZMEh0cjJFVGpSV2ZtOFJJQUE?oc=5,"Thu, 01 Jan 2026 08:00:00 GMT",2026-02-15T07:57:33+09:00
GoogleNews:健康　トレンド,健康　トレンド,コーヒーを飲んで老化知らず？ 睡眠を妨げずに健康的に飲むには - 日経Gooday,https://news.google.com/rss/articles/CBMicEFVX3lxTFB4NHYzNERBM3NIdklDVnFqZHNWdEFweUF0ZEFsLUtOMnVQX3FRUnVkZW5GSUp6cDhqUUpIbmNWMGUxNS1LS01RcDVkanpFYjBPYk51ai1JNWNEU2cyRTE2ZHVyS0E2OE9rdXdTZjhjQkQ?oc=5,"Mon, 06 Oct 2025 07:00:00 GMT",2026-02-15T07:57:33+09:00
GoogleNews:健康　トレンド,健康　トレンド,インフルかかりやすい人5つのタイプが明らかに 2026年新株の特徴は - 日経Gooday,https://news.google.com/rss/articles/CBMicEFVX3lxTE43RXd1N0RIUW5qLXZDTExnMUlRcnBUX1g0eXNJc2lscjNwaDhhNUNhVDFZZk9pWkxMSG41ems3SkZxYV9UeEtEWnhPUjhMTEtQRUNpR2dkVWRibnhDalVQUHQwdXVod1N0UkEzLWxBaDg?oc=5,"Wed, 07 Jan 2026 08:00:00 GMT",2026-02-15T07:57:33+09:00
GoogleNews:健康　トレンド,健康　トレンド,メニュートレンド：食べて健康 腸活で美しく - 日本食糧新聞・電子版,https://news.google.com/rss/articles/CBMib0FVX3lxTFBod2RjMWMxYjdJbFdZc2E3aWZxTVNHNnN2b3JGSnhLSFQ3NnplQ2tJODVjZV9wRE1KTGgtdk9GWXRaLXFDYXBTZE04bmVlTUNuaDRFQm5sSFY0VXFocGVrUE5fNU1DX3U0WHlRN2oxYw?oc=5,"Sun, 06 Jul 2025 16:08:52 GMT",2026-02-15T07:57:33+09:00
GoogleNews:健康　トレンド,健康　トレンド,2026上半期の美容トレンド発表、外部環境の過酷化や美容・健康行動の変化が影響 - ウーマンズラボ,https://news.google.com/rss/articles/CBMiTkFVX3lxTE4xQUg5WlVuUlExVVBwTW9aaFVFb3FHY1RMeXRaTHFwZlRhV0t3c1dFS2JhMy1Qb2lsc21iTnJCMHJGcTU2cVRNV3ZtVGtWQQ?oc=5,"Mon, 15 Dec 2025 08:00:00 GMT",2026-02-15T07:57:33+09:00
GoogleNews:健康　トレンド,健康　トレンド,大腸内視鏡検査の新常識 専門医が勧める実施年齢は？ - 日経Gooday,https://news.google.com/rss/articles/CBMicEFVX3lxTFBQMkJvQ3cxSUpqRTZEakpFNUY4TkpLQl95cHpmVnRhRmtEMGgzUFdNbjI3c2hrLU5zYjV5TU5TVVE3c1NaclVZT2x1bGpoQjktSE1wa2hwSGMzY256NkllaXRIM1JJZmJFY2RxeHhpYjU?oc=5,"Mon, 19 May 2025 07:00:00 GMT",2026-02-15T07:57:33+09:00
GoogleNews:健康　トレンド,健康　トレンド,TPCマーケティングリサーチ株式会社、世界における健康食品市場のトレンドについて調査結果を発表 - ドリームニュース,https://news.google.com/rss/articles/CBMiU0FVX3lxTFBXRnZVOGota1BlWWp3ZVZJN1ZyUGZjYTNyWGU1emIxamUzamdHLW5OVkFvSUNJdExPUEVxMWg1TndsbjlMaU0weTB5dWhCVnVqUkZB?oc=5,"Tue, 16 Dec 2025 08:00:00 GMT",2026-02-15T07:57:33+09:00
GoogleNews:健康　調査,健康　調査,【α世代家族の健康意識調査】健康は「病気予防」から「コンディション管理（投資）」へ α世代の親が実践する『子どものパフォーマンスを最大化する』行動とは？ - PR TIMES,https://news.google.com/rss/articles/CBMiakFVX3lxTE10SEVMbVpTMWYwazlZOXFyV3NjcXByRWVOZndXQU5PT0FkUnd1Rk5XanF2aVd3SWNtbmtzNnVTcDJHdWl2Uy1POG42c0M1Wl9VdEVZZHJIdnJLYmhlUjV1YWZWWUxyQUpObFE?oc=5,"Thu, 12 Feb 2026 04:00:01 GMT",2026-02-15T07:57:36+09:00
GoogleNews:健康　調査,健康　調査,県民健康調査「健康診査」について（避難区域等の方） - 福島県ホームページ,https://news.google.com/rss/articles/CBMifEFVX3lxTE5oWEVBbWpZUDRPdEQwMVEyWGUtaklsYzRMNHJwYjVJWExyN3laQmQ1QkluNjdkbll5aVV2QTNvRy02Z0tWaXMtT29SdkVGRGhabFZxN3pndVpXaE83c3NZTmtYdFl5SENtVFNwQlVKVi1zeVA4Wm41elluQjI?oc=5,"Fri, 25 Jul 2025 07:00:00 GMT",2026-02-15T07:57:36+09:00
GoogleNews:健康　調査,健康　調査,運動に“貯金”なし──30代でやめれば健康効果は消失、ストレスでダメージ蓄積 中年期3000人以上を調査 - ITmedia,https://news.google.com/rss/articles/CBMibEFVX3lxTE80QnBKZF9oVzVNQkcwOUtXQVprWGVOcFlZTTNOWnpHcEZkaWVNSUxDWW8zcGxvNFdhWG5SbHJuU01nQmhRWEJuaGZ5UEVUZDNQMV9sWjBVVjYzNk1pUF94ZHRCb3Qyc2dyZEtORg?oc=5,"Wed, 11 Feb 2026 23:00:00 GMT",2026-02-15T07:57:36+09:00
GoogleNews:健康　調査,健康　調査,【PR TIMES 美容・健康】【調査】バレンタインで74.8%が罪悪感 76.1%が「自分に合った食べ方」を専門家に相談したいと回答 - 茨城新聞クロスアイ,https://news.google.com/rss/articles/CBMid0FVX3lxTE9mUHF0Y0NmemhoM0pUVjF6MHcxdmpWTFE0VG5Kc0JwU080ZVBQMEI3Ynl0bkFOTHZSRHBfa1RpWjF2V0FrWVZ1d0lPdm42YldkVThUN1Z6ZjBaandUcDczQ2JxUE1lZW1sZzd1NWUtcmxQa0pENjRJ?oc=5,"Sat, 14 Feb 2026 01:00:00 GMT",2026-02-15T07:57:36+09:00
GoogleNews:健康　調査,健康　調査,α世代家族の健康意識調査、健康は「病気予防」から「コンディション管理（投資）」へ＝α世代ラボ×ウンログ調べ - ICT教育ニュース,https://news.google.com/rss/articles/CBMiWkFVX3lxTE9QZE0yRTBEWWZVVFlRelBZS1BhcnpISXVNRG1kZmtkUzZ6WWVqd0lTNl9uam5CbmdTSTIwNlVCSHdrU0wxSGFoZlhhWDFDS242YmFsN1JPZ1YxQQ?oc=5,"Thu, 12 Feb 2026 23:08:09 GMT",2026-02-15T07:57:36+09:00
GoogleNews:健康　調査,健康　調査,若者の健康と住みよいまちづくりに関する調査にご協力ください - city.ojiya.niigata.jp,https://news.google.com/rss/articles/CBMidEFVX3lxTFBjZV80dmVWdFhjSlJ1NkEwWWNEX20zYVhNVkkxSGQ0cVVGUHdGdG04RWZNMEo0bjQyWHcwVHNvRzFCRng1UUtTaUZhTUoyOVk3ZG1nbUlaLVhTYkpxdUxVLXl1T3lucXJ3RExmS0lveHUzaDJx?oc=5,"Thu, 29 Jan 2026 15:05:01 GMT",2026-02-15T07:57:36+09:00
GoogleNews:健康　調査,健康　調査,「県民健康調査」発信へ 福島で3月12日にシンポ、国内外の専門家参加:イベント・レジャー - 福島民友新聞社,https://news.google.com/rss/articles/CBMiaEFVX3lxTE1fb2RiUlNIX0NMS0VXNThyTEFuYkQtS0dvdWpNUWhySVBxOUtsVHlIX1AzbzJqdlBzallYWXZHXzluOUd2LUVobkdpaUFNUUU0SzRnOUNiN1dNdlI4anpnaVZsbTJTRGV3?oc=5,"Thu, 22 Jan 2026 08:00:00 GMT",2026-02-15T07:57:36+09:00
GoogleNews:健康　調査,健康　調査,社説：水俣病の住民健康調査 救済が目的ではないのか - 毎日新聞,https://news.google.com/rss/articles/CBMiaEFVX3lxTFBjaTlTOGtmRkJMelc4WjQtVTZXNE1KNE1HWmlCeDlfWGJqOWlYUy1ZMGRaUW1xTEZpVFpfUEJMcDZsTUtLQngzaTNOUHdGWExQUWFITDVGandWZVpyNXZoTFhsQ1RLcnYx?oc=5,"Tue, 23 Dec 2025 08:00:00 GMT",2026-02-15T07:57:36+09:00
GoogleNews:健康　調査,健康　調査,令和7年度「市役所からはじめる健康づくり」に関するアンケート調査結果を報告します - city.asahi.lg.jp,https://news.google.com/rss/articles/CBMiWkFVX3lxTE5hc1BMc2F3cDFIbzUwOHNCVEtQb1VvUm5RdG5Sb3VOSVN1VVl3TlJEV0xOU3NxazU1b0hZMXJLUzB4NXkxb3dPbjA5bEwxOXR0cm9PY2oyaHpXQQ?oc=5,"Tue, 20 Jan 2026 08:00:00 GMT",2026-02-15T07:57:36+09:00
GoogleNews:健康　調査,健康　調査,電通、70代を調査対象に加え、ヘルスケアクラスターを一新した第19回「ウェルネス1万人調査」を実施 - dentsu.co.jp,https://news.google.com/rss/articles/CBMia0FVX3lxTE1vTVJsUUpRUV9oSVkxVkpSNTJSRXdaT3ViSXhJWlB2QTg1dEQ2dExwQTAyb0xuZ3E2MFhqOTQ0cE00VHVKSG01Q2VTZldUd29vLU5oSjJsVG83WjhpMzBjWVE0akZ6V1B2RWpN?oc=5,"Wed, 03 Sep 2025 07:00:00 GMT",2026-02-15T07:57:36+09:00
GoogleNews:健康　調査,健康　調査,パク・ナレ、警察調査を前日に突然延期「健康上の理由」 - Kstyle,https://news.google.com/rss/articles/CBMiXEFVX3lxTE5VNzByb25PN01pS1NzaFZrNmJzV0dRUGJ2RXFNNU05WmpfZkhUTHFPeXFMWkw0enpzT0FDaTZaMHpENUsyMUhqdmhpYUxpZzJMXzlJYzdyNjlIREdk?oc=5,"Thu, 12 Feb 2026 02:47:20 GMT",2026-02-15T07:57:36+09:00
GoogleNews:健康　調査,健康　調査,水俣病被害地域の住民健康調査、10月から熊本で試験実施 環境省 - 日本経済新聞,https://news.google.com/rss/articles/CBMibEFVX3lxTE4yczZEM0dsNlhDakcyUEVLX1hlWDZLQXEteE1Da1RQZzNKVlNMcHI1TE1oMWt1ekVmYUY2TFE0RE5xX2p5NVNxZ2d2VnZSMC1UX0xhdEhpT3BqamlBZ2psZHJlbmIzU0dibjBKMA?oc=5,"Wed, 01 Oct 2025 07:00:00 GMT",2026-02-15T07:57:36+09:00
GoogleNews:健康　調査,健康　調査,令和６年度広島県県民健康意識調査の結果について - pref.hiroshima.lg.jp,https://news.google.com/rss/articles/CBMickFVX3lxTFB5YTBjQWtDcEJ5a3VRclJMT2pKUFlxaFB5NEUwTkpLcTN4MFM2VEZKMmhjbGZ0NGJuY1NGbVFOVzFveHVGbS1uM3I1N1Jlc2M3VTkzX2tVMjRsaThZSHJVVURJa3FVUExOY0g5cC1WS3VMdw?oc=5,"Wed, 23 Apr 2025 07:00:00 GMT",2026-02-15T07:57:36+09:00
GoogleNews:健康　調査,健康　調査,健康福祉常任委員会が県内調査を実施しました（令和8年1月22日） - pref.gunma.jp,https://news.google.com/rss/articles/CBMiXEFVX3lxTE5pN3FtQlBvY29HS19VN3ppb0NSOXFWNkNITnY2aTJkb0NKdjV0U0NHQVF4Wm9lUmp0S2lWcm95WV9rMUV6TElleThQM2tOQXd1c1JVMU9ySHJEbUVO?oc=5,"Thu, 22 Jan 2026 08:00:00 GMT",2026-02-15T07:57:36+09:00
GoogleNews:健康　調査,健康　調査,令和3年度 福島市民の健康と生活習慣調査の結果を公表します／福島市公式ホームページ - city.fukushima.fukushima.jp,https://news.google.com/rss/articles/CBMidEFVX3lxTE1pX0Fzd1dzbzVhUThUUHAwaWVkZmh5QnhQTzBYNEFTUE1qZ3dvdktMazZ0NThaZURpZWNWOWJpazBUNWxUX1dIUXBRNi1QWGpIZG42OXpxOTZ1VXdRTFRxUHRMZ3B2UUNCNHNBekYwcF9weTNp?oc=5,"Tue, 01 Jul 2025 07:00:00 GMT",2026-02-15T07:57:36+09:00
GoogleNews:健康　調査,健康　調査,健康ビッグデータ解析で「インフルエンザに罹りやすい人」 ５タイプの特徴的な傾向を確認 医師が解説するタイプごとの予防対策 - taisho.co.jp,https://news.google.com/rss/articles/CBMickFVX3lxTFBOU0g0Zm1kbGsxWWNLRU4zRHJXeGJmeC1tdHdtRF9BbklfTFZaU3JiTFdpOVllX3B1YzhJZXhac2FlS1l1WFlOSmlTaWZpU3A0UE9uakxydWlMblBjMDR3ek5lSlE5UEJSR19paVR5d1g0QQ?oc=5,"Thu, 20 Nov 2025 08:00:00 GMT",2026-02-15T07:57:36+09:00
GoogleNews:健康　調査,健康　調査,平成15年度 県民健康・栄養調査結果（概要） - pref.kanagawa.jp,https://news.google.com/rss/articles/CBMiaEFVX3lxTE5ucnBXZUktcFBjZHBHZVlBSXF3TWZCRm9HakJJcWF0aWROeDVfREZFODdjeWI1N2x0WGlVTDNGUnU2WkJZdU5YTHY5bHpPSm8xNWVIX0daMURHRWZSdElaVzFJMV9qMkct?oc=5,"Fri, 26 Dec 2025 08:00:00 GMT",2026-02-15T07:57:36+09:00
GoogleNews:健康　調査,健康　調査,環境省、水俣病健康調査の試行開始 法施行16年、手法には異論も - 毎日新聞,https://news.google.com/rss/articles/CBMiaEFVX3lxTE5aMVloeWI3RU80QXhWQ1RmRWh3RXdVWVVCNzQ5el9Md2p0TUlYWUJkYTNGdjV0Ujhmc3ZTdzROS3k5ZDhzZ1d0OWRCVHRFLUYteHJqNmdSMzZVRmRjaXlkMnMzR3FQSG9r?oc=5,"Thu, 20 Nov 2025 08:00:00 GMT",2026-02-15T07:57:36+09:00
GoogleNews:健康　調査,健康　調査,「進次郎ショック」で加速するも、水俣病の「診断は困難」 健康調査 - 毎日新聞,https://news.google.com/rss/articles/CBMiaEFVX3lxTE1BQ1RMaDU1MHpNczlYM1BxNWZaZlFQUzhHb2Q3V2RSdEhUeVUyN2JFU2JfTldDcWtiTU52NXM5d25kY1hEUm01T1FTa3hoVmJLWTJYVmtiM0NPeG93b09jdHZyRGFCSnhz?oc=5,"Tue, 02 Dec 2025 08:00:00 GMT",2026-02-15T07:57:36+09:00
GoogleNews:健康　調査,健康　調査,令和６年度市町の歯周病検診（健康増進事業）に係る調査結果について - pref.hiroshima.lg.jp,https://news.google.com/rss/articles/CBMiggFBVV95cUxPdHl6TGlNbFhibzdmV0dWeVJGVk40WnEwVlVBNi1iMUFneXRDQmhxRDFqT3RyNmdpeXZZcWJETUI4Wk9UQkYxQTkwTmlWdTg2N183V1NDbHpzeTUyZkhFZ2h3ZzlNQzEzT2JjY3ktUzFBcE5MUUVmMExweUJBT1YtWmFR?oc=5,"Fri, 26 Dec 2025 08:00:00 GMT",2026-02-15T07:57:36+09:00
GoogleNews:健康　調査,健康　調査,【社説】水俣病健康調査 新法で救済の責務果たせ - 西日本新聞me,https://news.google.com/rss/articles/CBMiVkFVX3lxTFBua0ZBeDdzVnhlbTFJLWNIVVZmMUJkeGNBbF8zU1Y2V3VLMHhnQnZMNHJnM2E1eElRcXRUUlQ5VjBBOTBjcy16cUV5LUYzcnVfTy1abUpn?oc=5,"Fri, 24 Oct 2025 07:00:00 GMT",2026-02-15T07:57:36+09:00
GoogleNews:健康　調査,健康　調査,水俣病、試験的健康調査を実施へ 被害者団体は調査手法に反発 - 毎日新聞,https://news.google.com/rss/articles/CBMiaEFVX3lxTE00djZIc2ZobVBMN2phNHp6dnRsRmxfdW5KVzlLa2FTdGVtUmVuN3VScTV0U1ZOMmZzanJzcXhfYkxaVUsycEsybmtQMWJnUVJPb3gzWk9MY1FZa1FGWXkwMDdxSkg0U2p6?oc=5,"Wed, 01 Oct 2025 07:00:00 GMT",2026-02-15T07:57:36+09:00
GoogleNews:健康　調査,健康　調査,ＰＦＡＳ検出で住民ら８０３人、ダイキン工業に健康調査など求める公害調停申請…企業相手では全国初 - 読売新聞オンライン,https://news.google.com/rss/articles/CBMiZkFVX3lxTE9XczVtbllIdEc3NzhKUmYtLWY1Qm1ETks5YmhCQ1YtRXBzRWVFbVJsdU1jdUxGQmRQVEhfa1gtejJyVFBrMXJ1dDctY05GM195N1l0elliMzRfamtnWTFzNWhRR3d0QQ?oc=5,"Wed, 24 Dec 2025 08:00:00 GMT",2026-02-15T07:57:36+09:00
GoogleNews:健康　調査,健康　調査,被害者側「誰も望まぬ」調査を準備 水俣病で環境省 遠い全容解明 - 朝日新聞,https://news.google.com/rss/articles/CBMiZ0FVX3lxTE8zRmdoTEJya0x4aV9pT2NMZUdQQ2Y0OC1objM4Y3h3cl9hVll1R21UbEFoMUN5RXNJUll4anU5bkRJVThDZU9tTk1pb0k0YlJYOFctMElXRlhFb01TX1BaRWVMUjd2cjQ?oc=5,"Thu, 25 Dec 2025 08:00:00 GMT",2026-02-15T07:57:36+09:00
GoogleNews:健康　調査,健康　調査,【調査報告】日本の保健医療分野の団体における気候変動と健康に関する認識・知識・行動・見解：横断調査（2025年11月13日） - HGPI,https://news.google.com/rss/articles/CBMiVkFVX3lxTE5ZeHBnYVNMQVRzMHhmemJKUHluRm9ab1lmbC1MQkFaSmhRYUdMVWhxdTlnc3FKUC1NV3h5cnRFb0g0ZVZkWHZOc3cwTDdiSGkzYnZ3anZ3?oc=5,"Thu, 13 Nov 2025 08:00:00 GMT",2026-02-15T07:57:36+09:00
GoogleNews:健康　調査,健康　調査,大正製薬『ねこちゃんの健康に関する意識調査』を実施 - taisho.co.jp,https://news.google.com/rss/articles/CBMickFVX3lxTFBRb0ppZWZEQTN4STVMU0JZV1RPdmctY1o2ekNadEVfRHoxTTVmcV9pc20xSFBaS1N6cy14UkFrc2pRNG84Mk9fSGtjRHZ0RFVSZ01fZW5NaDlfaVpBU0hYVVhmMU9McFI4VHdpLUlXWHR2dw?oc=5,"Tue, 02 Sep 2025 07:00:00 GMT",2026-02-15T07:57:36+09:00
GoogleNews:健康　調査,健康　調査,沖縄のPFAS検出 妊産婦対象に無料血液検査と母子健康調査 100人対象に2月1日から予約受け付け 沖縄京都PFAS研究会が3月実施 - 沖縄タイムス社,https://news.google.com/rss/articles/CBMiXkFVX3lxTFBIT0lYMEstdm9hZms5TC0tcDlnREo2dkdseThfeHNmNVc5djkyV0ZIbFFkSksyMkRMdVNXdzJPOTV2amlNMjJoZHREU1VmUWhzcGtwdk5KT05wajNfSEE?oc=5,"Tue, 20 Jan 2026 08:00:00 GMT",2026-02-15T07:57:36+09:00
GoogleNews:健康　調査,健康　調査,水俣病の健康調査前に環境省が予備調査着手へ 患者団体らは手法に効果なしと撤回求める - 日テレNEWS NNN,https://news.google.com/rss/articles/CBMihwFBVV95cUxPclJHRHNlVmRpWnVLQTVsbEJQbUpraGdzRi1NclpWdDg3MktYMVBrOWw4cTRLUmM3emdHMW5hZktZcnZqdXk1Mno1QWNCOTNySDQ2N1J1eUc1ejFpN1JjWTRxWUEyY3RSb2JNZnVmYmpVekthTGt0UTFQNzY4V2JFNGwwNTJjV1E?oc=5,"Thu, 02 Oct 2025 07:00:00 GMT",2026-02-15T07:57:36+09:00
GoogleNews:健康　調査,健康　調査,水俣健康調査、試験的診察に着手 環境省、熊本で住民約40人に（共同通信） - Yahoo!ニュース,https://news.google.com/rss/articles/CBMif0FVX3lxTE9QOGhGVmx4Ujlsb1RvbnZPZGJmYW9wdUtRNWdRQjRobFJTWmt6cDBZWE1kX09lVm8tNlZsS3N1ZWdmbHJvUEpMZlVoVDRtX3dkS3RxVElNYk53T3FMZF9Md3V3NXJPZzB4S0lBQjBRY3ZBWmhGYXJuSjRaaXd3T1E?oc=5,"Tue, 25 Nov 2025 08:00:00 GMT",2026-02-15T07:57:36+09:00
GoogleNews:健康　調査,健康　調査,「健康経営銘柄2026」及び「健康経営優良法人2026」の申請受付を開始しました - meti.go.jp,https://news.google.com/rss/articles/CBMic0FVX3lxTFBxMWRuWkM2cVhOMVpuZGJCWFJTSzk0WDZDdklISjl6a2N2Q2xfc21UYUExclBwaDh0YnJzMlpLVkxvbS0wVWdDUVlPNHJMLWdkMFdQcWstNU5DdXA0SnJrSUxwLU1LcXpoUW16cjZlMnlZU28?oc=5,"Mon, 18 Aug 2025 07:00:00 GMT",2026-02-15T07:57:36+09:00
GoogleNews:健康　調査,健康　調査,令和6年度「市役所からはじめる健康づくり」に関するアンケート調査結果を報告します - city.asahi.lg.jp,https://news.google.com/rss/articles/CBMiWkFVX3lxTE5LYkdzYTdjTkY2bHJ0NDdqZ1ItajNVYTMzWlBWUjRmMXZWY2VHdWpUZjM3X0VQWDVDRWN6MUY0cUlwLWJlRkh2QkpOZnpxbXZHRkdRU2hfOXp0QQ?oc=5,"Fri, 01 Aug 2025 07:00:00 GMT",2026-02-15T07:57:36+09:00
GoogleNews:健康　調査,健康　調査,女性の健康課題と働き方に関する意識・実態調査 - PR TIMES,https://news.google.com/rss/articles/CBMiakFVX3lxTFBlR21oSVhSSjd5NDhBWmI4a09kVVVFMDRYcEE4RmlyVy1adzNUN09EcUF1VVJzVDcxaTRJOHFlZ3I1MWlOcTNXR0p5N2k0cG90V0NfT2psbUJyWjJQbi15OENVb1ZuUktBQ0E?oc=5,"Sun, 21 Dec 2025 08:00:00 GMT",2026-02-15T07:57:36+09:00
GoogleNews:健康　調査,健康　調査,人生100年を見据えた健康寿命延伸プロジェクト【東邦大学との共同研究】 - city.ota.tokyo.jp,https://news.google.com/rss/articles/CBMimAFBVV95cUxOX0syMXRydzFyZjg5bVhEX054azd4NHFUeUNnQTM5RUNVM0hBWmFHNk5fREJxVHFBSjVXVUVKVllpX2JxRzlmZFBsUERzREh4M0RtNHE2VUtfQldXajRKSGhiT3ZSSm9ZWlNJRzVmTDJIbG9OeGxwUzNVVEFENWU2Ry1NU1plR19rX19kY0o2QTNQRkItTE1RSg?oc=5,"Wed, 07 May 2025 07:00:00 GMT",2026-02-15T07:57:36+09:00
GoogleNews:健康　調査,健康　調査,「健康とくらしの調査」への協力のお願い - 御嵩町,https://news.google.com/rss/articles/CBMiW0FVX3lxTE1SSmJrUmFsMUJpLVhsaUNXQXpGS0tXQndSN1lsZE81dzNMbmgwQVBMQktYT0VidTFFN3Z5NGUtUndkM0s0eFR1Z2t5ZTk0YjVYRF9qdHVNY2ItVjg?oc=5,"Mon, 06 Oct 2025 07:00:00 GMT",2026-02-15T07:57:36+09:00
GoogleNews:健康　調査,健康　調査,「産後うつ」や「認知症」リスク増、被災者の健康調査の成果報告＜東北メディカル・メガバンク機構＞ - 日テレNEWS NNN,https://news.google.com/rss/articles/CBMihwFBVV95cUxPb2FHRDctckhOdzR6aEtUY3NBUUIzTHF5Z2JPcnhEdU54emlCZll4SUw2Vi1YN3NJZkdnX19hWFJXN2s4YVZoeFdQX3R2TFhWRVdsWmhDRlplVmJUS3Z6cU95clJhb1FlNm54YWRHNlVMZTJjLUxjb19Dc2hxSURUVjUyUndsLWc?oc=5,"Tue, 20 Jan 2026 08:00:00 GMT",2026-02-15T07:57:36+09:00
GoogleNews:健康　調査,健康　調査,石川県、能登地震・豪雨被災者の健康調査 1割が「要確認」 - 日本経済新聞,https://news.google.com/rss/articles/CBMibEFVX3lxTE1BNkpFY2lvUFFlNmFzUkZQNTNtTnFGU1FKYWYwakJRWGdqU3JIWlU2QktZdHJMZGgwX0ZpQU5NeGp0d1cxdmZIbkIzTmNYdDRZVFBvaTVSMEhId3p0U2VfTDJGX1d0N1BOamtiVA?oc=5,"Tue, 13 Jan 2026 08:00:00 GMT",2026-02-15T07:57:36+09:00
GoogleNews:健康　調査,健康　調査,イ病原告側全面勝訴５３年 健康調査 対象拡大訴え - 中日新聞Web,https://news.google.com/rss/articles/CBMiVEFVX3lxTE9VOWM1bzZ5azVKbXdaU080c1MyTXlwX25NTVJwY1BTeVFtUV9YRjVOb0p3d0xZVmVCVFBXX2t2bnBoRS1xMmhUN1UxSC1LdHA5S0V3Xw?oc=5,"Sun, 10 Aug 2025 07:00:00 GMT",2026-02-15T07:57:36+09:00
GoogleNews:健康　調査,健康　調査,水俣病健康調査、被害解明のはずが「解釈曲げられ」 元政治家の悔い - 毎日新聞,https://news.google.com/rss/articles/CBMiaEFVX3lxTE5OWDUxQ1FKSDhrWHJ0dmk0TndpaDBoaUg0WXFFYWIwZ0xTVkRueHMyUEdrTXBDMEpMMldLQkJrckJ3QkIxLWxjeEgzSDdFQUtkZjRtbXBya29uLWRuZklsWkFGRFRjOXZ1?oc=5,"Mon, 20 Oct 2025 07:00:00 GMT",2026-02-15T07:57:36+09:00
GoogleNews:健康　調査,健康　調査,「県民健康調査」発信へ 福島で3月12日にシンポ、国内外の専門家参加 - 47NEWS,https://news.google.com/rss/articles/CBMiS0FVX3lxTE5WY0pRZnpCM1hPOUV4TFdIcUJzbEROZWg2VzJZSmVVZ1dieVJYZ1VmRldwTXVIVE13VmNiXzZhWTNLUlpZM0tyTEhTRQ?oc=5,"Thu, 22 Jan 2026 08:00:00 GMT",2026-02-15T07:57:36+09:00
GoogleNews:健康　調査,健康　調査,アスベスト被害めぐる国の健康調査で胸部CT「抑制」方針 尼崎市が重篤化懸念で改善要望（アジアプレス・ネットワーク） - Yahoo!ニュース,https://news.google.com/rss/articles/CBMif0FVX3lxTE1YZEhwU3JmRTNIZWk3aWtsTGFMaXhqall3TWVpUW9UN2I3RTlmYXRIT3g5TGpwLTM5ZVFzM2pEX0tnMU5TUEFlY3poYXdwdnNMcnFkOXczbHF6bjRUcFRzcmtNTEZnMWd3Y09zdk5Id0JQV0tlOGc4RFRzZmY2cnc?oc=5,"Sun, 28 Dec 2025 08:00:00 GMT",2026-02-15T07:57:36+09:00
GoogleNews:健康　調査,健康　調査,水俣病被害地域の健康調査、１１月に先行実施…熊本県天草市・上天草市の４０人に行い来年度から本格調査 - 読売新聞オンライン,https://news.google.com/rss/articles/CBMickFVX3lxTFA5Q0s3SGdmYUxxS2lBUUdXYkQ5Y3JQN1I1VmhlU3ByLUlqLXZnSE1kUWFrdWlJZy03ekIyYk1YMjJ5R2g0TjRaQ2Rnajd1VkRuTnM5MnI4NTAzNDBmUVZTQXNUYVFvZlRteWZqR1g0Zld3UQ?oc=5,"Thu, 02 Oct 2025 07:00:00 GMT",2026-02-15T07:57:36+09:00
GoogleNews:健康　調査,健康　調査,11月中旬から水俣病健康調査の「先行調査」実施中 対象は天草市・上天草市 1975年以降に生まれた人 - TBS NEWS DIG,https://news.google.com/rss/articles/CBMiZ0FVX3lxTFBTdEZZbXdHOVNmcXRiUTlEWFBfUVYwcGM2Nmg1UEpCQXY2d00ydnpUcTdnUDVKWUlWR0VacXdScDNwNExWclcyVVFrcUdxeDByWHllQTItTWRUa1ZSZ05YZzc5YW5wN3c?oc=5,"Thu, 27 Nov 2025 08:00:00 GMT",2026-02-15T07:57:36+09:00
GoogleNews:健康　調査,健康　調査,がん検診、健康診査などのご案内 - city.fukuoka.lg.jp,https://news.google.com/rss/articles/CBMingFBVV95cUxQT2R5MlNnQ3Q0bHBzdW9Dek1fcWxidTNTcndTSl9ucTJNTXh6UUI1UEpNMnVkRURHNFM3QXJnQ1pzdzhRZjJlbGpBOEN1VWxBaUFKanZMUE0za3dKS0s2SG9DSUhNOHVsTU5Gb3MwZWwybTZGQzhjQWxOWjFhQ25QUFc0b21ZYUpXT2pxOHBLOFNWdTFwR1loclhBZmtDUQ?oc=5,"Sun, 01 Jun 2025 07:00:00 GMT",2026-02-15T07:57:36+09:00
GoogleNews:健康　調査,健康　調査,【健康モチベ調査】を実施 約9割の人が健康や美容のために何かしら取り組みたいと思いながら、 8割超が行動に移せなかった経験あり。 モチベーション継続の鍵は、無理なく、自分のペースで続けられること。 - glico.com,https://news.google.com/rss/articles/CBMiZkFVX3lxTE1SOFRTdHowVHFzcDE2TzRUdXlVZmZEcjhmMEFIb0J2S2dGekhYNVNZaXctX0RMSF9SN1VlM1RPdUZneVJsSDBxbEdoVkNQUnFKSlkwX2JEWm1DR2RFOEM2Mmlia2ZnZw?oc=5,"Mon, 02 Jun 2025 07:00:00 GMT",2026-02-15T07:57:36+09:00
GoogleNews:健康　調査,健康　調査,「ここに座るのはとても憂鬱」検討委員会の座長、再び重富氏 - OurPlanet-TV,https://news.google.com/rss/articles/CBMiS0FVX3lxTFBCT1lvcmtoanR3RkFJUm9Sb1dmaGsyUUFDNmgzMElhMTlLZGswOThwb1dBMjAzOGlQZDhlRVl2TnNyWVYtZWtJaHpzbw?oc=5,"Thu, 20 Nov 2025 08:00:00 GMT",2026-02-15T07:57:36+09:00
GoogleNews:健康　調査,健康　調査,【健保連調査】業態別データから読み解く被保険者の健康課題 生活習慣・メタボ・メンタルヘルスの業態差｜ニュース - 保健指導リソースガイド,https://news.google.com/rss/articles/CBMiaEFVX3lxTE01YlplNXd3MXJ3T1ZrcklOS1hIUG52ZUJNQ2NjQXR4amZ5WDhMOG5VVDRKZDNPcEdqR1ZxTnc0WGRtYXo2bWQ5d0ZGcWEyblpac1Z4Zk85V0hYaEFiOTlsa3ZNQzljaWZp?oc=5,"Thu, 22 Jan 2026 08:00:00 GMT",2026-02-15T07:57:36+09:00
GoogleNews:健康　調査,健康　調査,【参加無料】小・中学生の健康を支える調査研究報告会を神奈川県立保健福祉大学で開催 - sndj-web.jp,https://news.google.com/rss/articles/CBMiS0FVX3lxTFB0NXYwUE41cDA3cGdTTFV1T1E2LTI0TWtGc2ZWQ0dBd21UZDBPb3pNYWxYRmt0aG9icFAwNmp4QTIyU0JhcE83QndwSQ?oc=5,"Fri, 28 Nov 2025 08:00:00 GMT",2026-02-15T07:57:36+09:00
GoogleNews:健康　調査,健康　調査,健康に関する実態・意識調査（2025年11月定点ココロスタイルリサーチ） - クロス・マーケティング,https://news.google.com/rss/articles/CBMiW0FVX3lxTE1haGFzbVRGcGFOS1VCcVdQSUZfUTMwaVRJS0l1LTBiM1g0YWZWMENnejBoNUVPT1ZvWlNTSGE0RE5Ua3NtSU5tTmZOczdMSVU2TmRjY1Y4Ui1VS1k?oc=5,"Wed, 26 Nov 2025 08:00:00 GMT",2026-02-15T07:57:36+09:00
GoogleNews:健康　調査,健康　調査,健康影響調査（アンケート調査等）を実施します | 成田国際空港株式会社のプレスリリース - PR TIMES,https://news.google.com/rss/articles/CBMiakFVX3lxTE52bVlhNjdoR3hUMTZQbjlCYUpNTWM5bElrOTZWQ1FCZmZXTC1kZnc2RXV2RUcxQmJjUmx4OUdLYzBENzYxZ0pRY1Jxb0NCbVUtWkM5b2xjUmZ3aWhuTXkzSzEwdXRVWkpFN2c?oc=5,"Thu, 21 Aug 2025 07:00:00 GMT",2026-02-15T07:57:36+09:00
GoogleNews:健康　調査,健康　調査,心の健康調査3000人に実施へ、広島市　2024年の自殺者が過去10年で最多 - 中国新聞デジタル,https://news.google.com/rss/articles/CBMiWkFVX3lxTFByT3RsYkNQVFFCZGdxWWJyaV9ReW15dDhqWUZXdGRMVTJFNW1qdF9Sblpqa2Nwb1lkRFc0T1VyMU9rMkE3R3g5Z0VBcnZQU3VsbFRJQVlud3lvUdIBXEFVX3lxTE5fcl9sOEo3VHV3dFdrYUxsYmVpV2pxM0l2U3I4RVhHZXVlNG9qVVdjdjZTNXpvYWU4R0FPZXl5cG15XzBPRG50b2YzcUs5RUhzNmR0NktCdzJpQTZH?oc=5,"Thu, 30 Oct 2025 07:00:00 GMT",2026-02-15T07:57:36+09:00
GoogleNews:健康　調査,健康　調査,【環境部門】水俣病に関する健康調査の見直しを求める緊急提言 - 立憲民主党,https://news.google.com/rss/articles/CBMiUEFVX3lxTE5QOWE5eWR2SEFESDlWbjFnNnpYaEVnV2h4dUtiS3VwdE9pUE9IZnZDWlNhNjBvSVNHNS12SWNyZVhrOTZNV25iNko5Uk1qeTR5?oc=5,"Thu, 24 Apr 2025 07:00:00 GMT",2026-02-15T07:57:36+09:00
GoogleNews:健康　調査,健康　調査,水俣病健康調査 天草市、上天草市住民に先行実施 環境省が発表 - 熊本日日新聞社,https://news.google.com/rss/articles/CBMiT0FVX3lxTE9Mc2xSY2k2cGlHZE93c05mT3Z2Y0EyYm9BQUZuMl9zVlBiMVlENUlKdHhRcHFLZFRCT3czU0tROVdxcG02bmFUWTZfbTUxU00?oc=5,"Wed, 01 Oct 2025 07:00:00 GMT",2026-02-15T07:57:36+09:00
GoogleNews:健康　調査,健康　調査,水俣病健康調査めぐり環境省が予備調査着手へ 患者団体などは白紙撤回求める（2025年10月1日掲載）｜KKT NEWS NNN - 日テレNEWS NNN,https://news.google.com/rss/articles/CBMihwFBVV95cUxPeVRSa05EV3pOZUprczBOcVBfd0NoVGFxTDBJZ3NKSms4bl9kM2k0VXlDQmMxSktxOWpyWmpQYVRobTdHZG9rZmdWNEJ0YUE5QTdIdFB1ak1Wcmw1eFZUSUFuTEVMeC1HMEo4ZHlKNnhrWUdVZE1GdHo3VzJhWURueWI2bEhJQUU?oc=5,"Thu, 02 Oct 2025 07:00:00 GMT",2026-02-15T07:57:36+09:00
GoogleNews:健康　調査,健康　調査,被爆者救護・医療の歩み 日誌や健康調査票など並ぶ 南区で企画展 - 中国新聞ヒロシマ平和メディアセンター,https://news.google.com/rss/articles/CBMiV0FVX3lxTE9KN0REYXJUOUNfSXBGQ0p3MHpRZUtGZTgyX2o3VElJdk5ZQUYxV2dLWFZ4ZVBYa1dWdXc1cjVXWEFCenFNNVhDaEN2ZXdsWXN5clJxbk1kSQ?oc=5,"Wed, 15 Oct 2025 07:00:00 GMT",2026-02-15T07:57:36+09:00
GoogleNews:健康　調査,健康　調査,水俣病健康調査に向けた先行調査始まる、熊本県天草・上天草市の住民対象…移動や検査の負担を検証へ - 読売新聞オンライン,https://news.google.com/rss/articles/CBMickFVX3lxTFBsYkx2TGNUdk1DbVRSZHNjQy1YamM2U0FVLUN2TmlYeGxDZl9tMUxkc2t4TTRMQnNmZzVFdmJzeE5rRjBWaTVrSEhQdHZGVGZNZVJUS1pNaWVBay1DaE5hSGlkOUk2SUdFWEYzNUVLX18tZw?oc=5,"Sat, 22 Nov 2025 08:00:00 GMT",2026-02-15T07:57:36+09:00
GoogleNews:健康　課題　政府,健康　課題　政府,政府 女性特有の健康課題 会議立ち上げ支援体制など検討へ - NHKニュース,https://news.google.com/rss/articles/CBMiX0FVX3lxTE4tWkRFZkJhd2Z6MHliSFZWRlFZbUZQbTduZWdvcWlRbXV0UGE5Z3cxWWtlRU1qdEpaVXZzcVdUenlKZVpHcFpodWhvZmR1bHYyd3gyWTNvR1o0X25mV0xr?oc=5,"Thu, 25 Dec 2025 08:00:00 GMT",2026-02-15T07:57:38+09:00
GoogleNews:健康　課題　政府,健康　課題　政府,佐藤啓官房副長官、女性の健康課題「医療提供体制を確保」 - 日本経済新聞,https://news.google.com/rss/articles/CBMibEFVX3lxTE0wRjV2RUxrZWNINlRxWmVpczBsMGFaR0dZcGVlbi12YkZMT2p4N1U5VzF5LVJCRVV1LVlxUU94TTdRUDRmWENScFlWOEhuLXVuYmItNE4yMTMzRUlvTTdiZVRtRGpMNXptOEtFVQ?oc=5,"Thu, 25 Dec 2025 08:00:00 GMT",2026-02-15T07:57:38+09:00
GoogleNews:健康　課題　政府,健康　課題　政府,令和7年10月24日 第２１９回国会における高市内閣総理大臣所信表明演説 | 総理の演説・記者会見など - 首相官邸ホームページ,https://news.google.com/rss/articles/CBMieEFVX3lxTE56SXR0b1hvMS1BX2dvSVdyVEpLdTR1OGx6MWpTT0tCRjFOcXF6LVNESmhtSDVDSVczN2c1b1pnNGNyckpEazRrQ1cxQnpnN1BaVVFUUEJ1akNLVE8yRVhrRUVEOXhfbnVNYjBSM0dUT1FVQmJKTUlqZA?oc=5,"Fri, 24 Oct 2025 07:00:00 GMT",2026-02-15T07:57:38+09:00
GoogleNews:健康　課題　政府,健康　課題　政府,日本企業の技術も活用 健康課題に取り組むユニットエイド幹部が来日｜with Planet - 朝日新聞,https://news.google.com/rss/articles/CBMiXkFVX3lxTE5VT2h1cFk1NkttcjF1LUlhU2I1ZWpxdkFJazBSNDdWSXhmWldBdVRlN0pZMEpubVQ5RkFRdjBpaEtBZTNNUkg1OVU2TENSTktmTjVEeHhtMHB3OV9HV1E?oc=5,"Fri, 27 Jun 2025 07:00:00 GMT",2026-02-15T07:57:38+09:00
GoogleNews:健康　課題　政府,健康　課題　政府,女性の健康課題、治療受けやすく＝「攻めの予防医療」で初会合―政府 - iJAMPポータル,https://news.google.com/rss/articles/CBMibkFVX3lxTE8zSlJmRGphY0NHekZyVFdBNXc4V0F2RWxFUDN2SXdRVTRNeHY0ZnJiSmx1ZG9OZVRGX1Y5RGh0VFVlQ2ZaZ0FIVXktM1ZHdW9pcm1YR3JjZWRYVUhWT1pXU2REbndLVmt1OVNyXzh3?oc=5,"Thu, 25 Dec 2025 08:00:00 GMT",2026-02-15T07:57:38+09:00
GoogleNews:健康　課題　政府,健康　課題　政府,男性の更年期障害など健康課題、経済損失は1・2兆円超 国は研究に本腰 国際男性デー ととのえるココロとカラダ - 産経ニュース,https://news.google.com/rss/articles/CBMidkFVX3lxTE1vSG4yMDlqZzlLTHFxV2otZDlNMHdQUVlvRndhN05WN3dzZzVEZ2w2eGlIdlVublpTVmVkdzNmblFENnRpRkZWM3lRTmtOaTBmc3o1WFNQOVZVZDl3WlVDanJRbmNnUzJzSTVaWUlrbnpDZlYtd2c?oc=5,"Sat, 25 Oct 2025 07:00:00 GMT",2026-02-15T07:57:38+09:00
GoogleNews:健康　課題　政府,健康　課題　政府,性差由来の健康課題、来年5月に論点整理へ　　副大臣会議が初会合 - MEDIFAX web,https://news.google.com/rss/articles/CBMiSEFVX3lxTE1fOFFHWThwWG1fTWpUMkZuY2RXWktiUDZ3YnZIQ054Zk5WMl82ckZHdU0tV3VYSVZ5cDQtamNkNkdLa2g5akt2R9IBTkFVX3lxTE9CYmE5ZFpkdzh6bzQyejU1dDBXc29vU19KcV8xenZET2tqa1N3ZWhMcnhBeDJPVDVLVHR4NHZ1cUh5b2NVdG43c0UxaWs0Zw?oc=5,"Thu, 25 Dec 2025 08:00:00 GMT",2026-02-15T07:57:38+09:00
GoogleNews:健康　課題　政府,健康　課題　政府,高齢者の7割「物価上昇に不安」 働きたくても健康問題に壁【高齢社会白書】 - PT-OT-ST.NET,https://news.google.com/rss/articles/CBMiY0FVX3lxTE43MGxtTF8xTlRaZ1VPWEpKSWphanJQczV4NFNZblVYNjBTY09PLUstaFBSdlpES0U4SWpYV2hEM19pT09DVWpXazVjTWRuS19PbmpkUGhfbVZtYnFlalJSTG9law?oc=5,"Wed, 25 Jun 2025 07:00:00 GMT",2026-02-15T07:57:38+09:00
GoogleNews:健康　課題　政府,健康　課題　政府,「女性版骨太」2025年、何が変わる？ - newspicks.com,https://news.google.com/rss/articles/CBMiU0FVX3lxTE5vRTNmNkpfUGcza3hkbWpYQTBjamIxemxmSlVoR0QzdGUwMWtIRDc1RHc5a3paSlQ5cHVhQ2s1Ul9OM1dUdUFmQzIxdVB5Vk5LOUxB?oc=5,"Sat, 07 Jun 2025 07:00:00 GMT",2026-02-15T07:57:38+09:00
GoogleNews:健康　課題　政府,健康　課題　政府,SDGs目標3「すべての人に健康と福祉を」の取り組み事例｜世界・日本・企業別 - 国際協力NGOワールド・ビジョン・ジャパン,https://news.google.com/rss/articles/CBMiZ0FVX3lxTE9XZUd0azZMWDRpek4tTWNpUUtlandIWWswOHVBX2JoUUQxM0h5M1dmVUVoLVFSdHhzRXdlU1dYNnhrZERqeG84TlE2RU85YTVzVzE5bDEzWkNGSDJtZmxnZl9WWDNiUEk?oc=5,"Tue, 25 Mar 2025 07:00:00 GMT",2026-02-15T07:57:38+09:00
GoogleNews:健康　課題　政府,健康　課題　政府,社説：女性の健康支援 社会的課題との認識を - 京都新聞デジタル,https://news.google.com/rss/articles/CBMiWEFVX3lxTE5IUXFXU2c1a3dvc1AtVUQxdE9QV1RjODJoeW1femtRNWFIbW1US2cwVDVMbFpLZXpUU25TY0dQeXdxTnpWdXZSZlBNS05WUG5pd1dsQ1hVbEU?oc=5,"Fri, 28 Feb 2025 08:00:00 GMT",2026-02-15T07:57:38+09:00
GoogleNews:健康　課題　政府,健康　課題　政府,女性特有の健康課題の理解促進 - pref.shizuoka.jp,https://news.google.com/rss/articles/CBMikgFBVV95cUxNYTVQRER4RTNWanBLSk41WDFLSXVYaUZHOFNhcFE3VkFtRkFPY08xNTBHLXlPVWRUbllMZm9QRUxvZjRzaklwRWpta0FBZGM3aW9Fbnk2dUxVU1pPT2tMeUlQanUwNkZSc0ZkS3hWNWVpZGdiRUhOVGVqTlhuQWhnb05qMjktc2lPNFFPcXJibHhRdw?oc=5,"Thu, 03 Jul 2025 07:00:00 GMT",2026-02-15T07:57:38+09:00
GoogleNews:健康　課題　政府,健康　課題　政府,健康日本２１（総論） - mhlw.go.jp,https://news.google.com/rss/articles/CBMiY0FVX3lxTE14LWpLWWNWdFJwaWtYUmpZZlBXaENCZ3V0NnZTZmtURFdNNW1aU0drY09TR1ByTjRVaFVQdFd3eTZ3UHRMYzFnakVUVlFzc3BmakZ3dTZkTnVxSkhkYkgyZkVDTQ?oc=5,"Thu, 05 Jul 2018 06:53:25 GMT",2026-02-15T07:57:38+09:00
GoogleNews:健康　課題　政府,健康　課題　政府,アジア健康構想の下、「アジア健康構想におけるインドネシアの保健課題解決に向けた知見共有会」を開催しました - 首相官邸ホームページ,https://news.google.com/rss/articles/CBMijgFBVV95cUxPZnBEdUVoRENDN0EyeFVwM0l4SXd2bzJuSjBfdVVOVFpTRjdHUml6bFp3TGpPMjJsVEJQcjh4WTYyN0lZczFUc1hERTdTNkZuTEdZaHppQ0ZsQTRhNjZ1TDNwRlE0WXhnQlZlUGJCMjhjRm4zb1NrdHlVdE9CRWcwVXp6blNVcDQxaHh5NG53?oc=5,"Thu, 13 Mar 2025 07:00:00 GMT",2026-02-15T07:57:38+09:00
GoogleNews:健康　課題　政府,健康　課題　政府,女性の健康課題 解決へ - 公明党,https://news.google.com/rss/articles/CBMiVEFVX3lxTFBaR1oydmMyaDg1TzYxUDdDUGxkSmZZQjA2WHVRcmJoN3VQMno4UWRiM2VhNW4xY1I5cjZpM1FFMklYSmJ2N1RrY2xtTVBoRjQyWkl1VA?oc=5,"Sat, 05 Oct 2024 07:00:00 GMT",2026-02-15T07:57:38+09:00
GoogleNews:健康　課題　政府,健康　課題　政府,フロー率4.4倍、レバレッジは「性別特有の健康課題」 - 日経BP,https://news.google.com/rss/articles/CBMifEFVX3lxTE44bExvLVlDeGtBNENhRnFCRUk5U2xDNmNZX3VkSTFWSFMwVm9wcDNwd3otVWtTZUtRWTVTS0ZNSkhyMWVnMmxZbzJuLU9DZXlReWc2UE56RVctV0c3OFBBaU1MTXpuZ3BqRno1NWhZMlEwcjhQd1d3d2hHOTc?oc=5,"Tue, 13 Jan 2026 08:00:00 GMT",2026-02-15T07:57:38+09:00
GoogleNews:健康　課題　政府,健康　課題　政府,ベトナム×ヘルスケア 第1回：DXを見据えた健康ビジネスの展望と課題 - mri.co.jp,https://news.google.com/rss/articles/CBMiZEFVX3lxTE9Icm9lcjRNaUNHWXhTa0trenRMRmhmTHRsLTlPNEJjM1F1YzVWa3I1cG56SkhIQmZNQVYxdTFiRGNub0JGVmJqT0U1TUNnNGhWRjZkZkZyeUtSOE9ncFNpcU1ncDc?oc=5,"Mon, 13 Jun 2022 07:00:00 GMT",2026-02-15T07:57:38+09:00
GoogleNews:健康　課題　政府,健康　課題　政府,大塚製薬・働く女性の健康意識調査～「女性の健康課題」（PMS/更年期）がキャリアに影響を及ぼす 個人の対処だけに任せず企業ゴトとして捉えることが求められる｜2022年3月8日｜ニュースリリース - otsuka.co.jp,https://news.google.com/rss/articles/CBMidEFVX3lxTE5YWmRvcFBqSGVpOUpsSEcxNzJ0TnRVTGtWbmF1SVptQVMxNVFwY21vUEw3MzB1enRsY09RYkRxRTlITTdhbkVxUEsxVDFBSDJuUDhhRXVsYWtvbElzc1hXOFhySkF4MDNuTWV3V3V1YUhhSm9G?oc=5,"Tue, 08 Mar 2022 08:00:00 GMT",2026-02-15T07:57:38+09:00
GoogleNews:健康　課題　政府,健康　課題　政府,働く女性の健康配慮、企業に促す 政府の重点方針原案 - 日本経済新聞,https://news.google.com/rss/articles/CBMibEFVX3lxTE1Ldjg0X2NjX1dVbmk4a2dOVFBxTVV3YjY3cEF3ajA3QXFTeEFqR1lrakVHVmtwSzVGbVhBNHN5al9sOGpXRFZtUk9CcjRiQm50QktXLUFqV1N4dVZMSTJ1b3FlOVNXcjBwZ1ZYbQ?oc=5,"Fri, 31 May 2024 07:00:00 GMT",2026-02-15T07:57:38+09:00
GoogleNews:健康　課題　政府,健康　課題　政府,女性の健康課題、経済損失3.4兆円 経産省試算 更年期などで離職・休職重く 睡眠改善・体調把握に補助 - 日本経済新聞,https://news.google.com/rss/articles/CBMibEFVX3lxTE9xVW9TMlhHaFA0bjVvdWgzQUtGSWlRMkRoeDdRTS1OaHZWWWQzWWw2QnU3SHVxejk1Zk4zY0IzOGhTMGF2dndvT3VHeXpESjRBWTdTWllrbmU0VHlpZVRRZ0YyU2tMRFhBUHdPWQ?oc=5,"Tue, 20 Feb 2024 08:00:00 GMT",2026-02-15T07:57:38+09:00
GoogleNews:健康　課題　政府,健康　課題　政府,働く女性がライフステージで向き合う健康課題とフェムテックへの期待 - jri.co.jp,https://news.google.com/rss/articles/CBMiUkFVX3lxTE5KdlhaU0dGM3JGQVFtUUxfMDduNXZ0WFR2djZBemhQbHNCVEFaczZDRkxzSEw1NkNkVFI2UVZpcEF1NVhFS2toa3Nld0FuNmpZeUE?oc=5,"Wed, 09 Nov 2022 08:00:00 GMT",2026-02-15T07:57:38+09:00
GoogleNews:健康　課題　政府,健康　課題　政府,女性活躍推進へ健康課題の解決を - 公明党,https://news.google.com/rss/articles/CBMiVEFVX3lxTE5uLUFBQWQ5UE9QbTR1X2MzLXZibmUtV2x2V0F2TnRJZXdDdDhHblExZDZLYzJORTA5TEMtMU5ZTGZwVGZmQXBtTHNRRXBtYVdHMU9CZA?oc=5,"Mon, 08 Jul 2024 07:00:00 GMT",2026-02-15T07:57:38+09:00
GoogleNews:健康　課題　政府,健康　課題　政府,健康課題に関する調査分析を報告。20～39歳の女性では3割弱が女性特有の健康課題に対する職場の配慮として「生理休暇を取得しやすい環境の整備」を要望 ――2023年版「男女共同参画白書 - jil.go.jp,https://news.google.com/rss/articles/CBMie0FVX3lxTE5EM0d2N3ZPRVpsUFBIMHVnVm4yNkFOVFhuZmVOMFg3eTBPc2FJQnJGeV9oV3RTd0pGUzBYalhacklRXzJaWmRxeTdfNjR2dnJ0ekt2eXBOVENLMXRVNGZ3QUNfNXRXbzRwVWpnQXJjQjVMak1jYjVaSTJJOA?oc=5,"Thu, 25 Jul 2024 01:58:51 GMT",2026-02-15T07:57:38+09:00
GoogleNews:健康　課題　政府,健康　課題　政府,不妊や更年期、女性の健康課題の研究を本格化、政府が司令塔創設へ - 朝日新聞,https://news.google.com/rss/articles/CBMiZkFVX3lxTE03OHdkTlE4bjZwQzNLb2V2VlRwSXNFbEFJVzhpdHJpa2d2dnlJMW9LTlZIVS1kZ0EwSlNRTmpEVlVPXzB6aVQzcDVNRFdhTUREUzhpWVpON2V0cFFRNUk5cjM2X09Edw?oc=5,"Fri, 31 Mar 2023 07:00:00 GMT",2026-02-15T07:57:38+09:00
GoogleNews:健康　課題　政府,健康　課題　政府,株式会社ブランドクラウド、女性特有の健康課題に向き合う新福利厚生「フェムテックサポート」開始 - PR TIMES,https://news.google.com/rss/articles/CBMiakFVX3lxTE9taUVMeTBOcF9VdVRxX2FHeGxLNDFBUW9URnlRTXVCY2hMYkNQR3pwMVoteWcwZkdHelZpa09hYlU0ZU1NbTFyVjFWV05LMUpVRFFualhETUJpWThqdTlKY19DOUtSMDFlOVE?oc=5,"Wed, 03 Sep 2025 07:00:00 GMT",2026-02-15T07:57:38+09:00
GoogleNews:健康　課題　政府,健康　課題　政府,女性活躍推進の強化 - 政府広報オンライン,https://news.google.com/rss/articles/CBMiZ0FVX3lxTE1vSmZnZGFxVXRMUkYzc2hYY2tsdndBc1F4TktHRmFfVmlNeWl1TjRUS2Z1Tm1zYW9lNjBLM2RBWDNsNF9ENmpjTXpwOEw5RHFvbDA4UFgzOXhaSktiTExDd2p5RGxrTkk?oc=5,"Mon, 22 Dec 2025 08:00:00 GMT",2026-02-15T07:57:38+09:00
GoogleNews:健康　課題　政府,健康　課題　政府,労働力不足、医療人材不足、社会保障費の増大——間近に迫る「2025年問題」とは？ - 日本財団,https://news.google.com/rss/articles/CBMidkFVX3lxTE11cTlQRjJHWWpmdDllYU5aUUdWQ3pDWEdIOVI4TF9qazc4cFJWbVk2SWJHRzFadmhoSFdHb2xvZl9PNTNQcDU2ZmxOR0lvaENSel9feHFyRFRkUGVST3pUVWN4NWNLOXd2LVh6M3pRdTFSelVuWGc?oc=5,"Wed, 24 May 2023 07:00:00 GMT",2026-02-15T07:57:38+09:00
GoogleNews:健康　課題　政府,健康　課題　政府,女性特有の健康課題、歯科健診はどうなる？～労働安全衛生法に基づく一般健康診断の検査項目等に関する検討会 中間とりまとめ～ 産業保健新聞｜ドクタートラスト運営 - 産業保健新聞,https://news.google.com/rss/articles/CBMiS0FVX3lxTE5IWjJ2TlhaeE5wbWxRUVBXNGhRWkNmX012V01HNGVZeV81dDVpdDlqYnE2WTFXbzJ5TXQzMUVsSjdlWGdEU2s3SXgzMA?oc=5,"Fri, 24 Jan 2025 08:00:00 GMT",2026-02-15T07:57:38+09:00
GoogleNews:健康　課題　政府,健康　課題　政府,「女性の健康」特化のセンター、国が開設 経済損失への懸念も背景に - 朝日新聞,https://news.google.com/rss/articles/CBMiZ0FVX3lxTE1udEZtejV3N0VVNnJfbHY2OTY1bFRGRnhSWk1vcnVld3drQXFLWnM5VjdYY09UQ0YyMGJNTWoyNVhvbjFiZW9TRGg0UUwzZ3M3dFhLT3hXUHZINTNzVzlhNDlCNVVHMk0?oc=5,"Tue, 01 Oct 2024 07:00:00 GMT",2026-02-15T07:57:38+09:00
GoogleNews:健康　課題　政府,健康　課題　政府,人・組織の課題を解決する「心の健康」投資拡大に向け、共同事業体を設立します | ニュースリリース - nttdata-strategy.com,https://news.google.com/rss/articles/CBMiYkFVX3lxTE5xOG5sT09NMnJSWkFKZ3IzeXpKU2ZqUFdHWThQd3d0R3J0Zk1EbGo2MF9xdHRFZENKeVV5QVFKTkVibVFtSGI5QVBNd25PbkRUelVDcTBCY2U0WkUwSmxoRk9B?oc=5,"Thu, 05 Jun 2025 07:00:00 GMT",2026-02-15T07:57:38+09:00
GoogleNews:健康　課題　政府,健康　課題　政府,アフリカ健康構想における保健課題解決を目指す日本企業交流セミナー ～ケニア1日日本病院の成果と展望～」を開催しました - 首相官邸ホームページ,https://news.google.com/rss/articles/CBMikAFBVV95cUxOdEpqVlhabFNneG9NV0ZqcjNydVNtZmxhWkxaQ3poWUw5TGwwa1VVWjhxYkJoRUFsQlRDM3pZN0JxQWx4V3VLSFhGSFJIX0VOdUdnREN2VlJ0MTVuQjlwWEp3ZndoTktlNUVLOGJUUzREV2R1X1hRRVZCdmNiZXFtQjZCdm85ZVdJbHlUWUlkaVg?oc=5,"Thu, 09 Jan 2025 08:00:00 GMT",2026-02-15T07:57:38+09:00
GoogleNews:健康　課題　政府,健康　課題　政府,世界の健康課題に、官・民連携でもっと存在感を - 日経ビジネス電子版,https://news.google.com/rss/articles/CBMiZ0FVX3lxTE5rejhCcFdHX0JzOHU4TkFoNV9vZXptcG9waGtxWDBVSm9jWU5OOUZTRmVqRHI1N3dISV81V0U1VTZQcEtMX2VxaXZvc0VXTlY3Q1VpVkhFTHJSbVhQd1pPLXVJdHFjaXc?oc=5,"Mon, 20 Jun 2022 07:00:00 GMT",2026-02-15T07:57:38+09:00
GoogleNews:健康　課題　政府,健康　課題　政府,月経や更年期…女性特有の健康課題、昇進辞退の一因に 静岡県が調査 企業向けに実態紹介 - 静岡新聞DIGITAL,https://news.google.com/rss/articles/CBMiTkFVX3lxTE1jekEyVExIOHU5bWRaQk9Fa19YVjdBYmtGTzRPYlZxb0RkazhQajI3dF9ZamdXNWlESk9pbDVGemVoLTBvOEdtRWN1MlQ5QQ?oc=5,"Fri, 16 May 2025 07:00:00 GMT",2026-02-15T07:57:38+09:00
GoogleNews:健康　課題　政府,健康　課題　政府,生理・更年期などに配慮、女性の健康課題支援を強化へ 厚労省が指針改正案 休暇や相談体制を構築 - 沖縄タイムス社,https://news.google.com/rss/articles/CBMiXkFVX3lxTE9rU0tWaDRqTC1KdzhENGJEcHV6M3ZCcjUydFRKUFhsWjNsRjNBOGtoQVpfYmY4NnpuNDk5RVhVRG5JYV9EbHVmQzE1YkxhMzIwVWZpYkZqOEZLalFfNGc?oc=5,"Fri, 03 Oct 2025 07:00:00 GMT",2026-02-15T07:57:38+09:00
GoogleNews:健康　課題　政府,健康　課題　政府,インドの健康課題を解決するヘルスワーカー養成｜Beyond Health｜ビヨンドヘルス - 日経BP,https://news.google.com/rss/articles/CBMieEFVX3lxTFBlc29CT0s2VVhkLTRxVnM4c0o0Qy1XQlA3dk1Jek4taDFyU1lpbW1XMXJKUzZqTV9JU0YwRDlOTWNNUTRmWXVhY1M1c0lDTGkwVllFcW1xbFVlNll5Z0hEU2IySTZWV3p4SGgyVEcxQ3NVdFFnUURZYw?oc=5,"Fri, 17 Apr 2020 07:00:00 GMT",2026-02-15T07:57:38+09:00
GoogleNews:健康　課題　政府,健康　課題　政府,日本は世界の健康課題を解決できる。その潜在力を発揮するために必要なこと - DIAMOND ハーバード・ビジネス・レビュー,https://news.google.com/rss/articles/CBMiWkFVX3lxTE96di01V2VOLWQ0czZoZGRpM1NnYmdONWhValRNSy03V1Z3ZjdNTkY5SUlpTmFIZnNWMW9pTllkcFVjTlVkbEdyN0FpQzIzUmJjeHQ4VGtHdmtKUQ?oc=5,"Fri, 17 Mar 2023 07:00:00 GMT",2026-02-15T07:57:38+09:00
GoogleNews:健康　課題　政府,健康　課題　政府,【国際】WHO、気候変動国別目標に健康課題を統合するよう要請。テクニカル・ガイダンス発行 - Sustainable Japan,https://news.google.com/rss/articles/CBMimAFBVV95cUxONlAxWGVueUJoYTlmS0dIREdLZHRfTTc2SzU5NlpaWl9NWk5ldVlTdmVUaDVOZDJ4LVUzRmstbUVsbUUxRmNnVFdjMnh6TDYzSHJ4SlVZRzBwd01qVkF6TkI3Q3VTV19KeE1FbXNjUWdXdV9kUVpRVGRHQThTeGxaT2dDaDVlN1FiSS1WSkZyTmtBMDBRT0xsUA?oc=5,"Mon, 18 Nov 2024 08:00:00 GMT",2026-02-15T07:57:38+09:00
GoogleNews:健康　課題　政府,健康　課題　政府,12/14(木)14:00・女性活躍のために解決すべき課題を紐解くセミナーを開催。来期の予算取りに間に合う！組織改革と女性特有の健康課題の重要性とは - PR TIMES,https://news.google.com/rss/articles/CBMiakFVX3lxTE5hVW93emZUOFhtTnZVTExOTGRGWU00M0d4ZEtUdzRhRlB0YXB1NG5QRWphTG9zYVBMSFBoYWxUd3BTS0V1RUUzVE9fNmt3LTVQc2k5dURQNVA4WDdCQXJIeHppeW9uY3haeGc?oc=5,"Mon, 11 Dec 2023 08:00:00 GMT",2026-02-15T07:57:38+09:00
GoogleNews:健康　課題　政府,健康　課題　政府,福岡大臣会見概要 ｜令和７年７月１５日｜大臣記者会見 - mhlw.go.jp,https://news.google.com/rss/articles/CBMib0FVX3lxTE5Xd3EybDR2UU0zNDBycHc1SXJsYzduSi1ha2MxT2NNV1l0T3h2NWN0R3NSTC1PUl9MYm1VRVUzTkFIcGR4LTRBSkltN1E5TWZBLXlabS1NdXNCQlJSdnR6ZXpWbklhbnZ0dGRUUi1fNA?oc=5,"Tue, 15 Jul 2025 07:00:00 GMT",2026-02-15T07:57:38+09:00
GoogleNews:健康　課題　政府,健康　課題　政府,【医療費削減】 国の取り組みや政策、負担を減らすためにできることを解説 - nec-solutioninnovators.co.jp,https://news.google.com/rss/articles/CBMinAFBVV95cUxQemRoczJfcC1zengwWDBQc3N5LS13RjN0WnN3QzBxY244eURQR1N6M0ExQ3FtRzVIMUFrNm1SZ3VGVTc0SktZRUhfdVIxd2x1al9XWkpGLUNHem1CZng1YWM0Y3J1My12Skk1djJBdFVRUE1vRzQwa2x4Q1N6MG5tdzVSOThlZjN6MUNOUFhSR01BMlcxdm1SZExSZ1g?oc=5,"Fri, 27 Dec 2024 08:00:00 GMT",2026-02-15T07:57:38+09:00
GoogleNews:健康　課題　政府,健康　課題　政府,【女性の健康課題】仕事やキャリア形成に支障 職場理解へ知恵絞る企業 - 山陽新聞,https://news.google.com/rss/articles/CBMiUkFVX3lxTFBJSzNreGV0dktVenV3NGNrczhRNUJsbHVOdmdSRzl0WkN2SzRGMGw5T1g1Q3RUX2w4R1h1N29HbUV5NHB0WEp3VWRDbzNzUDdfOGc?oc=5,"Mon, 24 Feb 2025 08:00:00 GMT",2026-02-15T07:57:38+09:00
GoogleNews:健康　課題　政府,健康　課題　政府,受動喫煙対策について法改正3年後の意識や課題を調査 受動喫煙対策強化について周知が不十分であり、普及啓発に課題 - ncc.go.jp,https://news.google.com/rss/articles/CBMiakFVX3lxTE1mdmMzbnpfUGNFTHp3OXBsaENwQTJIUUZTeWlvN1NjdXp3NU4tQV9NODdwbmJKN3paWDV5NEgtLVpqN1VhVXhxelhQNURodEloUVhMLW81czZzc1I5QllnOEF2MkctN2RsN1E?oc=5,"Wed, 31 May 2023 07:00:00 GMT",2026-02-15T07:57:38+09:00
GoogleNews:健康　課題　政府,健康　課題　政府,日本の高齢化社会がもたらす2025年問題とは？ 影響や課題、政府・民間企業の取り組みを紹介 - ELEMINIST,https://news.google.com/rss/articles/CBMiSkFVX3lxTE5NLWxWZG41ZDJfa05NcFdwRXRoMnROYWZ0OFhDdzZuNnVoaEZlY05tOG1zV0xQZTJGbi1JeWxzN1NadWdWZ21qM1RR?oc=5,"Sun, 26 Jan 2025 08:00:00 GMT",2026-02-15T07:57:38+09:00
GoogleNews:健康　課題　政府,健康　課題　政府,グローバルヘルスにおける日本の国際協力 | January 2023 | Highlighting Japan - 政府広報オンライン,https://news.google.com/rss/articles/CBMiiAFBVV95cUxNZlEtR19sYk5Xbm5wcmxGVnJ6aW1LN29hMlR4MjFvaHBOWV9RSGFMaWtyckRCbG5iNDc0d1ZXSEFtU29obGtjVmIxVXlwZlBKWDVxaWlTYUhTRXFyUVlFTUNjUmdsZnFFM1dOT09EX2hORi1nZVdYS3ZteEdVdWNlajVzRW8tbDJq?oc=5,"Tue, 24 Jan 2023 15:09:28 GMT",2026-02-15T07:57:38+09:00
GoogleNews:健康　課題　政府,健康　課題　政府,若い世代の生涯にわたる健康めざす「プレコンセプションケア」 - 公明党,https://news.google.com/rss/articles/CBMiVEFVX3lxTE53QlR3bFNIRThoTkN3bWxfWi13UnFMWVlpLWVwZDN0Y3ROSjlMRHM2cXVpLUJ0dlhpdU5XOWRLc1RNNGp2QXliY2dFOGg4MnlOYUhDVA?oc=5,"Fri, 08 Aug 2025 07:00:00 GMT",2026-02-15T07:57:38+09:00
GoogleNews:健康　課題　政府,健康　課題　政府,生活習慣病対策プロジェクトフェーズ2 - jica.go.jp,https://news.google.com/rss/articles/CBMiY0FVX3lxTE5aMnhScHJITnFPRERaOEVGSXcwUDdjQVgxb2xRTjVBTkt2NjI5MVBoX2dWSGFGYWlQaTh4dkFnc1dyZHNvbUZJcFJ4d1NzcWhTNW1HaGRhaC1mNThRQU84SXhYYw?oc=5,"Fri, 13 Jan 2023 00:48:48 GMT",2026-02-15T07:57:38+09:00
GoogleNews:健康　課題　政府,健康　課題　政府,南アフリカ共和国：水と衛生支援で子どもたちに衛生的な学習環境を - Unicef,https://news.google.com/rss/articles/CBMilgFBVV95cUxOTWlnSFZZemJodEwtNVk3Z1g3M0RaZlhaWHJtUnotcXg0X0pRVGV3cjdEMmZHT3BZcEtwOGdHWGJQR1ZvdWg5dnpzNXpiemRUQ3p3UHlHSUFvbUpadloyakdRS1lQRU5kQzNPM0tza2NDM3ZONlBQNHpGX1A4QTFfZ1hpVGN4MVNPbF9oMUZDMC1xNFZjeEE?oc=5,"Thu, 15 May 2025 07:00:00 GMT",2026-02-15T07:57:38+09:00
GoogleNews:健康　課題　政府,健康　課題　政府,あなたの身近な課題 公明党の取り組み（上） - 公明党,https://news.google.com/rss/articles/CBMiVEFVX3lxTE1KeHNYWVhjTTZOblVDaThsaXZKT1JGdl95VDlLb0l3U0VwRzc5TW1FVnI4RWhwS3dMVFd1a0ttQ28zNHo2RGFZUE9CVmZZQ2ZwWTJaRA?oc=5,"Sat, 24 May 2025 07:00:00 GMT",2026-02-15T07:57:38+09:00
GoogleNews:健康　課題　政府,健康　課題　政府,日本の健康課題に対応した栄養評価システムを（株）明治が開発 既存システムとの比較で妥当性を確認 - sndj-web.jp,https://news.google.com/rss/articles/CBMiS0FVX3lxTE56VnljY0Y3dEszZjY4cnp1Si0xSWdiV1VNaHBnTm1peFZNQ3BFQVRoUFNXWXMwWEFsaU5Ma01xaUtIaXZ4cnV3TmdLTQ?oc=5,"Thu, 30 May 2024 07:00:00 GMT",2026-02-15T07:57:38+09:00
GoogleNews:健康　課題　政府,健康　課題　政府,女性の健康課題 仕事やキャリア形成に支障 職場理解へ知恵絞る企業 - 中部経済新聞,https://news.google.com/rss/articles/CBMic0FVX3lxTE5PbU1mZEx4R2k3a00wZWVPRkhFNy11enhwY3ctRHBNYldVTVI5WkVIWWRMSklydjVZWTdnSDA4WnVPRkdiZUMteTlWTWZSby1rd3NlWVJ5Skt6bW0yMDM5dXVqWUoyZERscFhHUjBKVDVZYms?oc=5,"Thu, 13 Mar 2025 07:00:00 GMT",2026-02-15T07:57:38+09:00
GoogleNews:健康　課題　政府,健康　課題　政府,経済産業省「女性のヘルスケア・フェムテック展示」の視察 - 首相官邸ホームページ,https://news.google.com/rss/articles/CBMieEFVX3lxTE5HZWN6Y2tMOW5CMVpoUG1QSnVxcmg0X2o4bkxaQzJfd25BdmFCTXZxRGpOWXU3SFJlWWRjSmNkLVdkSjVIT180QVBGbloxUEtBSkhBRGFwVjcxUWpNendKOS1ackl6ZVFFbmQycEZHMXl5MDVBVkxQNg?oc=5,"Fri, 01 Dec 2023 08:00:00 GMT",2026-02-15T07:57:38+09:00
GoogleNews:健康　課題　政府,健康　課題　政府,世界的な健康課題への対応を議論 G7長崎保健大臣会合はじまる | 長崎のニュース | 天気 | NBC長崎放送 (1ページ) - TBS NEWS DIG,https://news.google.com/rss/articles/CBMiZkFVX3lxTFBYWEt0SnRzVzlmbjRYNDVSazhnM3Q5amMyQ3VXR216amZKLWRxRE5FTWRLbUZXQTFJeXM0VE5qM2VjV0VzckxTMmlMcFg0aDdfRTJCQzhmeldTUi10Wm9nczRxMm1NQQ?oc=5,"Sat, 13 May 2023 07:00:00 GMT",2026-02-15T07:57:38+09:00
GoogleNews:健康　課題　政府,健康　課題　政府,高校生の自殺 、女子は健康問題が３割 政府24年版白書で原因分析 - 福祉新聞Web,https://news.google.com/rss/articles/CBMiU0FVX3lxTFB2OGtSUGEtcmlWNF9FN3VrNnVDdXdvMHo1QktuWHhibVVSdHpkMlNRaUVFbXg0MVdoTHR4QkZrSURBSDBiOV9DSDZreDBMMVFtWTUw?oc=5,"Fri, 01 Nov 2024 07:00:00 GMT",2026-02-15T07:57:38+09:00
GoogleNews:健康　課題　政府,健康　課題　政府,中国のゼロコロナ政策と「デジタル・社会ガバナンス」の課題 - nri.com,https://news.google.com/rss/articles/CBMib0FVX3lxTFB2akRKeG4xc0hVTENZMnZLdVRKOVpQcUFvbFUwYUFiR2JUUkZqd3BBQ3k0LXZsbWF1b2cxRmJLZHBKUFhRc1VodHgzWXRTMmNjUUU1aEFHWHVjWDRwc1NjM18tQzZhRUUzMUF0WHBjZw?oc=5,"Mon, 30 Jan 2023 08:00:00 GMT",2026-02-15T07:57:38+09:00
GoogleNews:健康　課題　政府,健康　課題　政府,（社説）機能性表示食品 残る課題さらに議論を - 朝日新聞,https://news.google.com/rss/articles/CBMiXEFVX3lxTE91R2poczRKZm9JRjBxZmNsMlpRdWZpTlVsLTdPbGNmTWRKRzlwcU13WWREZDlGX2VFZUtqc0YyRXdaTnA0V0NwbW9OQWNHYl9lZUVXbG5WWWZrdzRr?oc=5,"Sat, 01 Jun 2024 07:00:00 GMT",2026-02-15T07:57:38+09:00
GoogleNews:健康　課題　政府,健康　課題　政府,ワクチンでアフリカの健全な成長を 新たな課題と解決策を聞いた｜with Planet - 朝日新聞,https://news.google.com/rss/articles/CBMiXkFVX3lxTE1nenRScGluemNvS0FyRmJ6X2Nwbk5VLVlnVDBKWWpUUTUwaVRpQno3S3g5QUFyQnluUzZGOEhJYTBDOFd6T19id010UVRoaTJpZWY3Qy1NVFVYaUY1Y2c?oc=5,"Wed, 18 Sep 2024 07:00:00 GMT",2026-02-15T07:57:38+09:00
GoogleNews:健康　課題　政府,健康　課題　政府,【国際】MUFGファースト・センティア、食品の栄養・健康課題で投資家ガイド。投資先評価 - Sustainable Japan,https://news.google.com/rss/articles/CBMilgFBVV95cUxNVWZTVDFQdUFLM2JQWURmX3JCbmlOOU5WZEd3S0dKUjExMTJBN3ltTWx6NlFldE01Vk8xdXZjSURhRDB2SFFMODIyTDM2UEpZV0M5Uy1fOFktNXhEcGwtTWZ0elhxVmU3bnhVTWRNQnI1bUNKZWdoem5VbF9yVzFLaDJlMG5jc1BMa3RiX04zc2FLTk9LSFE?oc=5,"Fri, 27 Jun 2025 07:00:00 GMT",2026-02-15T07:57:38+09:00
GoogleNews:健康　課題　政府,健康　課題　政府,アジア太平洋地域で500兆円の高齢化市場は、社会健康課題と幅広いビジネス機会の交差点である - DIAMOND ハーバード・ビジネス・レビュー,https://news.google.com/rss/articles/CBMiUEFVX3lxTE5sSkwwQzZ6V01Ta0RHZGpGS3JWTVJoVTVtTTdIb1YtYWl0MHRkQkJtU2lUdm9nalNPX2pFODhRQjBodURoTnVfZ1VZQ0p2LVgz?oc=5,"Wed, 21 Jul 2021 07:00:00 GMT",2026-02-15T07:57:38+09:00
GoogleNews:健康　課題　政府,健康　課題　政府,政府がヘロインを配るスイス 薬物依存を健康問題と考える発想 - 朝日新聞GLOBE＋,https://news.google.com/rss/articles/CBMiUkFVX3lxTE8tMEdTQ2JqZ25MaXU2RmFtbVRFMHREWEhNTmpHWGlRNGZqaS1YQ29YV3puaFo4VGxFNWxFXzNKUThnblNkcllTREdidDNYcEFrb2c?oc=5,"Mon, 03 Dec 2018 08:00:00 GMT",2026-02-15T07:57:38+09:00
GoogleNews:健康　課題　政府,健康　課題　政府,日本の抱える健康課題解決へRIZAP本格始動！若返り・メタボにコミットする「健康増進プログラム」長野、福島、北海道の6つの自治体で導入決定 - PR TIMES,https://news.google.com/rss/articles/CBMiakFVX3lxTE5CX2ZyWXU0bVR6ekVlMGRBVzNiM1hKYVhRWllpWVhreXd4bl9ZY0x1QWo0S29HelhzZDl0NU9JX2c2RnVocjl5S295ZTZYTjdmalpieUlOazBfUWxNSVZ5cGNDQ196MkIxU2c?oc=5,"Fri, 10 Aug 2018 07:00:00 GMT",2026-02-15T07:57:38+09:00
GoogleNews:所得　食,所得　食,"高所得者層ほど肉とスパゲッティを好む､では低所得者層は…データでわかった""収入差""による食生活の格差 - PRESIDENT Online（プレジデントオンライン）",https://news.google.com/rss/articles/CBMiWEFVX3lxTE5GSEYxWmRqaVVsODFOMXJDY1QxV3hkSEMxMXB5X0xPZXhwd0FVWm1YdGItdTRURzNZWk5SLVpGaU5mMEZGZ3kzWmZsYVpBckdvVXptOS1TTEw?oc=5,"Thu, 04 Dec 2025 08:00:00 GMT",2026-02-15T07:57:40+09:00
GoogleNews:所得　食,所得　食,若者の所得向上支援を強化 「食」クラスター形成も 県第５期産振計画 - kochinews.co.jp,https://news.google.com/rss/articles/CBMiXkFVX3lxTE9qUE9uajBOWUw2RmIzVDZwRjFnZW04ZkRlUUMzbWJ3ZE9xR0ItdkxEZzFKRWJ0eXNEYXdveGlDNHJNbTA1c251RGdXX09Ia25ZdjVONVR5SXM0YTFSVGc?oc=5,"Wed, 04 Feb 2026 11:17:24 GMT",2026-02-15T07:57:40+09:00
GoogleNews:所得　食,所得　食,物価高騰×給食なし――二重苦の夏休み 低所得のひとり親家庭で、子どもの食事”減”の危機 『夏休み 子どもの食を守る支援プロジェクト』始動 | 特定非営利活動法人グッドネーバーズ・ジャパンのプレスリリース - PR TIMES,https://news.google.com/rss/articles/CBMiakFVX3lxTE5jSWR2VDBrSWNXMjVQRG51UzR2Y3pEN292a1EyMHZMeTUtMmdPOFhmQUpqT1N4NlMwQnlzdzNsNWNfSEhvM0wxTHNOZUtEVUhrVjhSalREbTEzeUdKQVkwRUJ4UEFqanF6MFE?oc=5,"Wed, 16 Jul 2025 07:00:00 GMT",2026-02-15T07:57:40+09:00
GoogleNews:所得　食,所得　食,給食のない夏休み、貧困家庭を圧迫 子どもの空腹救う「食」のバトン、想定超える需要 - 朝日新聞,https://news.google.com/rss/articles/CBMiVkFVX3lxTE82aFltd1ZhVlBBYnptTmZla2NPQWZDbUJsR0Y1OExlU0VUbXo0bGVUczJRSXdGcmhFMHMtX1Q1dWgxRmJjdVE1eDFkM2pYeWpOT0RWcGZB?oc=5,"Tue, 19 Aug 2025 07:00:00 GMT",2026-02-15T07:57:40+09:00
GoogleNews:所得　食,所得　食,［韓国発 食と農のいま］「太陽光所得村」拡大へ 収益性・住民理解が鍵 - agrinews.co.jp,https://news.google.com/rss/articles/CBMiV0FVX3lxTE5nTV83LVEyS3pNUlFZeGlMQnJCOERpTWdzOWZpQi1mcm1Yb2YwYkdxZXN5MlE4dUZBNEQ1MlBSSXlQWDEtY01DV3BGR0U3RDRRYWdwZEVyNA?oc=5,"Sun, 30 Nov 2025 08:00:00 GMT",2026-02-15T07:57:40+09:00
GoogleNews:所得　食,所得　食,低所得層のマクドナルド離れが深刻に 広がるファストフード格差の真相 | 安さによる集客が困難に - クーリエ・ジャポン,https://news.google.com/rss/articles/CBMiU0FVX3lxTE5mazhCYy1xMElpVGZUZ0VUUG5WM3htblVoNWg2U01Qb1ZFWHA4eVFRcm1YWDVvamxpTnl1ckhPZElxMU9vdE1HWXRMWTFycHV3YVhZ?oc=5,"Tue, 09 Dec 2025 08:00:00 GMT",2026-02-15T07:57:40+09:00
GoogleNews:所得　食,所得　食,子どもの3人に1人「1日2食以下」 低所得のひとり親家庭 給食のない夏休み【Nスタ解説】 - TBS NEWS DIG,https://news.google.com/rss/articles/CBMidEFVX3lxTE43U1lVNW9YbEc2c2YybEhBTEdlMUFnREN5WTZib3p5NnJOZ2hQM3BuYzlKZjZQNlhuM1F5NHJRQmdqbHJFaldOeTF1enNubVhMZkgwejc4ZnhNbUdqU0hIbVYyNkUtTWFlOHE0VWZ0UDEzNFkx?oc=5,"Wed, 25 Jun 2025 07:00:00 GMT",2026-02-15T07:57:40+09:00
GoogleNews:所得　食,所得　食,高所得国での非喫煙者の肺がん、よく料理する人ほどリスク高い？｜CareNet.com - CareNet.com,https://news.google.com/rss/articles/CBMiX0FVX3lxTE8xTGg4QXNUUi1JTlQwSXgxZkhldWM3MEM0enpSUlZjZ2VxcXNCYmkzZEY5TDV6VG1ZbW16SzFXSWpvcGFsd2wxR2phUFh6SFBtSFQ3QW5vM21XYTgwQlln?oc=5,"Wed, 02 Jul 2025 07:00:00 GMT",2026-02-15T07:57:40+09:00
GoogleNews:所得　食,所得　食,廃棄野菜を高齢者向け「ムース食」に…茨城県境町が加工施設、「食品ロス」減らし農家の所得向上へ - 読売新聞オンライン,https://news.google.com/rss/articles/CBMiZkFVX3lxTE1wcTRPalhGenVXVjAxZGkxZXY0RkdMMjZEb29HR1VYT0tnZkhuR2lULUxQNngwTGx5SzZaVFpVekdXXzZ2SXZPOXN3d1dINkRLSXNVdmlSdzI5SkxzTFFvd0NLeHZtZw?oc=5,"Mon, 22 Sep 2025 07:00:00 GMT",2026-02-15T07:57:40+09:00
GoogleNews:所得　食,所得　食,2025参院選・各党の農政公約 所得補償「食農支払」で農地守る 立憲民主党 - JAcom 農業協同組合新聞,https://news.google.com/rss/articles/CBMibEFVX3lxTFBWR3I1ZFAyMVRJZG1CMnhDeGtfVndDSHR3R1NkOEZhUUs1cVJ3NkVXRl9SbEtTSnFRMXQ4U3BieHpfN20tOXdqODZfN19LbkFXNWpHYi1GZ2I2SVN3S0JBYXdFOVhBRTlzaGpvdg?oc=5,"Mon, 07 Jul 2025 07:00:00 GMT",2026-02-15T07:57:40+09:00
GoogleNews:所得　食,所得　食,"高所得者層ほど肉とスパゲッティを好む､では低所得者層は…データでわかった""収入差""による食生活の格差【2025年12月BEST】 - PRESIDENT Online（プレジデントオンライン）",https://news.google.com/rss/articles/CBMiWEFVX3lxTE5xWmlrdXZ3QUlBMkM2b09LbnNIVnppN2VvTnJNVW5KRnN6UFN5bXo2N1F3VTVVc1FROFhIZVJwaHdXUkpjclhXT0dDWkowVktkdzdESUlJOEQ?oc=5,"Sat, 10 Jan 2026 08:00:00 GMT",2026-02-15T07:57:40+09:00
GoogleNews:所得　食,所得　食,「230円の社食も高い」 当事者が語る、“今起きている”貧困の実態 フルタイム就労でも低収入、食を諦める母――困窮する親子の暮らしとは？ 【ひとり親家庭の声】 - PR TIMES,https://news.google.com/rss/articles/CBMiakFVX3lxTE5ka1NTZmVfSmVhQ2FjeU53TVM5WmdOV2JoNWFsaE5fOEg2dWJPNGE2Q1FFNEJ5SXV3S1B0Szdldk5LZ21BNnFGdFo3VkxPeE1kUklpVXFfZjhoTndRSVQzb2R1WG9LdHQ1a1E?oc=5,"Thu, 22 May 2025 07:00:00 GMT",2026-02-15T07:57:40+09:00
GoogleNews:所得　食,所得　食,令和の百姓一揆 「食と農と命を大事にする国へ」 農家の所得補償求め、トラクター先頭に4500人が都内をデモ行進 - 長周新聞,https://news.google.com/rss/articles/CBMiVEFVX3lxTFBaTVBSSFVSZnlPNk1nTEk4NHVhWS00QVExZDlWS3gwVmxqSXFJTURYUTdhRVBremFFbUQyQ0M3RkFSdmZ1RjR0NnJ0NDVPYUYwTDVfVQ?oc=5,"Wed, 09 Apr 2025 07:00:00 GMT",2026-02-15T07:57:40+09:00
GoogleNews:所得　食,所得　食,明石家さんま、食生活を共演者が告白「高額所得者やのに…」 健康の秘訣も明かす - ENCOUNT,https://news.google.com/rss/articles/CBMiT0FVX3lxTE9MRGs5MU9IWk0xTm4yRFl0QVlDdFRYQVBjNzNxTVVSQV9DTnlEWGJYYlJCT1Z4NDBhQzRWNkZMUE5TWDBmQU5lN252U2d2Nlk?oc=5,"Sun, 26 Oct 2025 07:00:00 GMT",2026-02-15T07:57:40+09:00
GoogleNews:所得　食,所得　食,「割高なのになぜ？」フードデリバリーは低所得層ほど利用率が高い - ニフティニュース,https://news.google.com/rss/articles/CBMiZkFVX3lxTE4tTDBrS2w0NDJmNGtaZ3UzZlVuWWF4R0FaVi05aFlDSHpILXdnMk9xR3J4dWFHdEVsNnJPLWpTV215VTlJbC0tX0QyRURmb1FDU1J4WVR5WjFVdXBha2k0a1ZWczBndw?oc=5,"Sun, 20 Jul 2025 07:00:00 GMT",2026-02-15T07:57:40+09:00
GoogleNews:所得　食,所得　食,247. 低・中所得国における急激に変化する食の選択 - jircas.go.jp,https://news.google.com/rss/articles/CBMia0FVX3lxTE5JY05Gc0RrSFlrNjdLOFQ5bFQ3STI2QjZaTUk4ZDBuWml3YkZQSExfeGlFenpCZTB3M3JkWWNFVk13UHdnekkxYXhnanZtOTdUTTZLRW5DMi10WWFnWTBtd3Uxc05WQWoyZk84?oc=5,"Fri, 05 Mar 2021 08:00:00 GMT",2026-02-15T07:57:40+09:00
GoogleNews:所得　食,所得　食,所得に比べ幸福度低い韓国人…１日２食は「ひとり」、隣人も「信頼できない」 : 文化 - ハンギョレ新聞,https://news.google.com/rss/articles/CBMiXEFVX3lxTE90bkszTFFaUGlJTmtEVGlKbkVyV053UkgwUEJqanVLSlF3NU1UM2tpRVZ6Sm05QlhrSkNqMTNqeDFPa3UxZ1FYazNiUkNtUEhIVmd4MmpuaUIwZExS?oc=5,"Tue, 25 Mar 2025 07:00:00 GMT",2026-02-15T07:57:40+09:00
GoogleNews:所得　食,所得　食,コメ農家が赤字でもコメを作り続ける理由食料安全保障と農業のキホンの「キ」（4） | 食料安全保障と農業のキホンの「キ」 - mri.co.jp,https://news.google.com/rss/articles/CBMiYkFVX3lxTE16Q1k4SG9USnItdkJaanNHcEQxM2k3WVpuNWhVSGhVLTh2UE81TUluUkxVLThoT1ZvT01WQ1E4aUgxVTQxOU5GalBEcDNkYWV0MkJlZmh6T0VxWHNYT29GQjZR?oc=5,"Wed, 12 Jul 2023 07:00:00 GMT",2026-02-15T07:57:40+09:00
GoogleNews:所得　食,所得　食,家計厳しく「子どもが食べることを遠慮」 給食のない長期休み、1日2食以下の子どもが増加――物価上昇、米の価格高騰が追い打ちに 【フードバンクを利用するひとり親家庭への調査】 - PR TIMES,https://news.google.com/rss/articles/CBMiakFVX3lxTFB2SFZ0TWZuODJFenlQd1o2Y0Y1cHFFRU0yTC0zaHZzTmZLS0dVeUNMZFMwRHQxVkh6SzZWWlU2dnl4cVoxc2k4RFpCZGxqd0VXS0JKZGZMMS12cUJ2NVF6Wko4TWhoWkthVmc?oc=5,"Wed, 25 Jun 2025 07:00:00 GMT",2026-02-15T07:57:40+09:00
GoogleNews:所得　食,所得　食,食を通じてひとり親家庭を支える、食品支援ボランティア募集【近畿・九州】 ～低所得のひとり親家庭に向けたフードバンク「グッドごはん」～ | 特定非営利活動法人グッドネーバーズ・ジャパンのプレスリリース - PR TIMES,https://news.google.com/rss/articles/CBMiakFVX3lxTE1fbGU5V2sxbVNGWEFhUzcxNDd4STJ3UmJDblZQOXZXY0xGQkJJNE1idVdHVW1MOW9xRHREbHkwWDl2by1NT3AyV1hPVXVmMW9rSHBVWmJQRWJaSmVFVUJYSGdfLXhLWmxUUVE?oc=5,"Thu, 27 Mar 2025 07:00:00 GMT",2026-02-15T07:57:40+09:00
GoogleNews:所得　食,所得　食,農業者向けの「直接支払制度」とは？ - mri.co.jp,https://news.google.com/rss/articles/CBMiYkFVX3lxTE9GcFlGNzZCWjFlLXRocU15N1lxNE5ibGJNMWRZSWZFaFdkeUFUbEZ4bGMyeXBqY284MjFNQmRzVkZPZGc2MlRSdDNpQWhVb0Ffa1hwOXVJYXdvbFk3NFNXTFNB?oc=5,"Thu, 28 Nov 2024 08:00:00 GMT",2026-02-15T07:57:40+09:00
GoogleNews:所得　食,所得　食,所得が低い人ほど食事の栄養バランスが悪いことが判明 :ニュース - almediaweb.jp,https://news.google.com/rss/articles/CBMiXkFVX3lxTE9MMWtqUlk0dEFvMVQyTkVxOFZ5NXg4QUg4YlExZ1ZTeTJuSU1idkp4QnFQQ0N5dFBwTFk4eDZOT1gxWFZNTXVvWHdiMXJqSTlRVVluYi1UbjFMZWgyQnc?oc=5,"Mon, 25 Jan 2016 08:00:00 GMT",2026-02-15T07:57:40+09:00
GoogleNews:所得　食,所得　食,世帯所得で違いがはっきり 不健康な食習慣と飲酒習慣 - ダイヤモンド・オンライン,https://news.google.com/rss/articles/CBMiS0FVX3lxTE05eDhxWi1QM0xSY3F1dG9LSEtQVTVtbXhoeHF1aTdNd1pyY25XM1U5NzRxNFdMR0F2YjJvcjNZa3ZIWTlTQ1NLNjZsTdIBTkFVX3lxTE5mc1o3UUp5aFduSW1ReENRWmE0ZmRjMVJTS3JMUUpXV1JRT1NvVnRQNzRXWE56bUplWmM4MnUzNFBKb0hoMGZxZmc1clZDQQ?oc=5,"Fri, 29 Jan 2016 08:00:00 GMT",2026-02-15T07:57:40+09:00
GoogleNews:所得　食,所得　食,"米、肉・魚、野菜の購入「経済的に困難」9割 物価上昇で 食事量・栄養足りず「子どもの成長への影響心配」【フードバンクを利用するひとり親家庭2,000名超による回答】 - PR TIMES",https://news.google.com/rss/articles/CBMiakFVX3lxTE4zV1dOZ2dtM1JwNmlrS0hqTUNhUmV1ZEdwQVM1b0RnSjRrbkd0TTV1UWMxTE5kUlFUOE9CdjgwakI4b0dMMTVKMURkVTdpU1JhcWZZT1ZXYjRucUtTd1JaRF9vYWp5a3QwNVE?oc=5,"Tue, 25 Mar 2025 07:00:00 GMT",2026-02-15T07:57:40+09:00
GoogleNews:所得　食,所得　食,【ひとり親家庭対象アンケート】週41時間以上働いても、子どもに1日2食しか食べさせられない - PR TIMES,https://news.google.com/rss/articles/CBMiakFVX3lxTE81OG5oQTc5d3BGX2NncU02dmMtUnlUak9JeVdHb19obm9zaERYZjUxb3VuYUQzTWlKbEdLSDhCbnNIQjVnT3libkVibk52ZW44dUdGcGVaT254bFFHU1ZhSHZ3ZEVTSG1qbWc?oc=5,"Thu, 27 Apr 2023 07:00:00 GMT",2026-02-15T07:57:40+09:00
GoogleNews:所得　食,所得　食,入院時の食事に係る患者負担を2025年度から「20円」アップ、ただし低所得者では「10円増」「据え置き」の配慮―厚労省 - GemMed,https://news.google.com/rss/articles/CBMiSEFVX3lxTE9jR2NNSDNneUpSOWwtLVdBSUdEZU91UnJ6bEl5OWlGeklJdExXZUlEbl85OVJzaHRnMUd5YXlZNkg4Y19sdmN3eQ?oc=5,"Mon, 06 Jan 2025 08:00:00 GMT",2026-02-15T07:57:40+09:00
GoogleNews:所得　食,所得　食,"物価上昇でも賃金上がらず困窮 日常的に”減らす・買わない・使わない”ものとは？【低所得のひとり親家庭2,000名超による回答】 - PR TIMES",https://news.google.com/rss/articles/CBMiakFVX3lxTE9zLWpiVzltRFpSaFhLTE9WaTFhRXJFT1lYQnZ3WjNYOWVldnJ0QUVpaXowRjM3ekMzWGNobFczdEJIaEhxVkx4SUZid2ZnRDljZmJNMXJmNDNUT29YeXp0ZWNVVEtEN25WT1E?oc=5,"Wed, 19 Mar 2025 07:00:00 GMT",2026-02-15T07:57:40+09:00
GoogleNews:所得　食,所得　食,平成30年 国民健康・栄養調査（2）身体状況、および所得と生活習慣の関連 - sndj-web.jp,https://news.google.com/rss/articles/CBMiS0FVX3lxTE1Hcl9GZnRfUnhVUWk2MVRjZEo1bUpoSlBLZWNwTGFtNTkxcHlTa2g2OENGZVN1WjZLMmNhZUF3bnNfUkozUnYxUHpGSQ?oc=5,"Tue, 21 Jan 2020 08:00:00 GMT",2026-02-15T07:57:40+09:00
GoogleNews:所得　食,所得　食,“食の砂漠”をなくす。LA発、低所得者に新鮮な野菜を届けるアプリ「tangelo」 - IDEAS FOR GOOD,https://news.google.com/rss/articles/CBMiVkFVX3lxTE9IeVRfTk05bFFmVy1VNXVzTWpZbjNMZjBSMDR5X2k5aGY2Z1NfX29RcXFWbFg4TGYtOEhHbGRNaGdNUnUwUmp5a0ozM2NkV1FJRmVyNHNB?oc=5,"Fri, 02 Oct 2020 07:00:00 GMT",2026-02-15T07:57:40+09:00
GoogleNews:所得　食,所得　食,「健康的な食品」の価格は「不健康な食品」の2倍以上！英国の調査で発覚 - Women's Health,https://news.google.com/rss/articles/CBMisgFBVV95cUxNUkJVYUFTc1VhMUw3WHdpdmM2MXc4YjhaMW14N2VxOHV4TVZROVhWZGp1ODE0QWRHVlhpbS1hWnloZnJNUXdFelhzN2hyLW1xdkdpTGg1NkFJa0dhTTVSc2MtRzhTZlo4VGppWUMyS0VpZzVnSWZUM1hNc0hzUkdISGlyckFRc0o3X21MWkZMY2VRa1cwY3RtUVJqUk1TbHliLUVfaGZVMGNtMXpha0JmV2Rn?oc=5,"Fri, 21 Feb 2025 08:00:00 GMT",2026-02-15T07:57:40+09:00
GoogleNews:所得　食,所得　食,「食料がない時には、土手の可食草をおかずにした」 ―困窮するひとり親家庭の収入と実情：子どもの教育、体験、食事・・・あらゆるものを断念 | 特定非営利活動法人グッドネーバーズ・ジャパンのプレスリリース - PR TIMES,https://news.google.com/rss/articles/CBMiakFVX3lxTE5XNk1adGV3c3BsNXlRVS02MHlycGx3ZnNuX0JyQXpUT1oyNkw3YlhTenlUZWZHbG9ZYXBwZ3RBYmpvaVFsdzcyWkZFc2RIbHFVY2plN2V0Tld0c0FBem5TVnBTUnBZM0QxaFE?oc=5,"Tue, 08 Aug 2023 07:00:00 GMT",2026-02-15T07:57:40+09:00
GoogleNews:所得　食,所得　食,低所得世帯の食事は「主食頼み」、満腹より栄養に注目を - ダイヤモンド・オンライン,https://news.google.com/rss/articles/CBMiTEFVX3lxTE9ndGRlVF9rbEhNR0Nfa2VQZmhyZUJhamF5Qkt0SklYSGh0ZWpOV2FPOWZjVDk3Z3dFM3lWTXJSZ0htZHA5dy1DOFpKeG_SAU9BVV95cUxQOTlxUzBRTTBkR2RtcXRPeTllYmpYNWlpRFJicW9SWUcyT1F4Vm40LU9oLWxGWDB4QzltdTNydGxmX2I5MkVQMHpMTEtMZ1lB?oc=5,"Fri, 26 May 2017 07:00:00 GMT",2026-02-15T07:57:40+09:00
GoogleNews:所得　食,所得　食,【新型コロナ】ひとり親家庭への収入と食への影響を5月と9月に調査。子どもに食べさせるため食事を減らす親が増加 - PR TIMES,https://news.google.com/rss/articles/CBMiakFVX3lxTE9BcWM5cE80V1RwaXJIZjAtZ2dFT3lYTjlkS2ROMzRmLW1hOHY5QUlUZW1WVndKU3B0MTgyM1JEZjFQY1NDT3g1c0JPeFFMU2lMY3A1QlQ1UVkwYTV6dktJei1xQTdsQXBUZ3c?oc=5,"Tue, 20 Oct 2020 07:00:00 GMT",2026-02-15T07:57:40+09:00
GoogleNews:所得　食,所得　食,低所得が「食」「育児」直撃―子どもの貧困の実相（上） - nippon.com,https://news.google.com/rss/articles/CBMiVEFVX3lxTFBFSzY5cGpHTi1SMGlwNlpEbWJmZlJIWExPbjZlcFpTSEczUmFkVWZRMDUzVkdPME1TUERELThFVXNMOUVqWjljZ3NERldFWDVRVVJ6Ug?oc=5,"Wed, 16 Oct 2019 07:00:00 GMT",2026-02-15T07:57:40+09:00
GoogleNews:所得　食,所得　食,新型コロナによる経済活動の停滞がひとり親を直撃。75%が減収、「一日一食」「4月、5月の収入ゼロ」 - PR TIMES,https://news.google.com/rss/articles/CBMiakFVX3lxTE5MV0lMMmVfekdDY0xFcGctaHZYSThyTTVwR25PcGxpcEpPaVFFYk1tZTdpbEhvbncxOHg2VURBVnVyR1Q4OXFfeGxfX3ZMRjBxNFo2MzVQMzNVRFYtTU0xbm9nX25veDFOSXc?oc=5,"Mon, 25 May 2020 07:00:00 GMT",2026-02-15T07:57:40+09:00
GoogleNews:所得　食,所得　食,【新型コロナ】ひとり親家庭の収入と食、子どもへの影響を東京と大阪で調査。 - PR TIMES,https://news.google.com/rss/articles/CBMiakFVX3lxTE9aTmQ4dWJZV2NlUGNLSzRxLVh0eDlKbHVRQWtJZXNOUHU5QnEwQXRwQ2FuV0pYTThfdlJoVW5VQ2poX2xxVkxheXFSTFE2Mk54d0l2c2RGRFQ5TWtQLXo4ZTZBYWhaZ2pCaVE?oc=5,"Thu, 24 Dec 2020 08:00:00 GMT",2026-02-15T07:57:40+09:00
GoogleNews:所得　食,所得　食,【実態調査・ひとり親家庭の生活苦】 約6割が世帯年収200万円未満 「未来に希望も夢も無い」と話す子どもたち - PR TIMES,https://news.google.com/rss/articles/CBMiakFVX3lxTFBZdzNPU3E5MkFENDBZT0x6ZTVuVG1XTmtIZTVhbVM2MHBMM01IMlZ0b0FweWRvbU4xOTZXUE94WlM2WHlXTkZ5TjZ0a0J2T2gtYVVNTDRXdEd0WG1iUE1zUEFnZG5GbjhrbEE?oc=5,"Thu, 07 Mar 2024 08:00:00 GMT",2026-02-15T07:57:40+09:00
GoogleNews:所得　食,所得　食,廃棄される食品で低所得者層を支援 マレーシア政府が推進するフードバンク活動 (2ページ目) | 未来コトハジメ - 日経BP,https://news.google.com/rss/articles/CBMickFVX3lxTE9DTXZhck9IX1cxYWJTSzFvUm5hZlF5TDViQjFQdUZfQklmR1pCbXFLSjNGbS1BUFBjeXN4ZWpDbUE2UzlkTVNCNExqckZNLXcwQl9yU2VGeXRoSVBvdVNnaHZ1ZVJSejNzNllhVV93LTJjZw?oc=5,"Tue, 20 Jul 2021 07:00:00 GMT",2026-02-15T07:57:40+09:00
GoogleNews:所得　食,所得　食,68カ国の12〜15歳18万人の調査で、食料不安とファストフード摂取量に有意な関連 - sndj-web.jp,https://news.google.com/rss/articles/CBMiS0FVX3lxTFB0M19BaFAyQjhRTWpfWmZQci01N1NHTUtkVTVnMTBCQ0paQVZWTG1TalZSLV9DakItN2l1b0hGWnBkNWkyODlIRk1pdw?oc=5,"Fri, 14 May 2021 07:00:00 GMT",2026-02-15T07:57:40+09:00
GoogleNews:所得　食,所得　食,自給率向上へ農政転換/米価暴落対策・戸別所得補償/経営守る政策求める/全国食健連「秋の行動」 - jcp.or.jp,https://news.google.com/rss/articles/CBMidkFVX3lxTFBUWU5na3RLaVNERG1QVDk1LThzU3k1eEswVVBkSUpIY25uYlUwV2JHdGdvZE8yM1YyampPUS0wUkZtS2w2MjE5Zi1zeXlZTkVXdUlNa2EwWTYwdGUyYkJhaFExZHBLMVJMODhrY0ptT2JtZVR2MkE?oc=5,"Sat, 18 Dec 2021 08:00:00 GMT",2026-02-15T07:57:40+09:00
GoogleNews:所得　食,所得　食,入院時の食費、1食当たり30円アップへ - 日経メディカル,https://news.google.com/rss/articles/CBMif0FVX3lxTE9Ra0tVdkNLcUZYU0RvQ3NQU01mTWZkRFoxdF9sQU5NcFlkR3RZMEQ2ZjlpdW8zdFpWN25BMHlTR1JxY2hDc2ZuZExBdU83cEt0X1BLTHJhS1BxUlFHRWdMTWphekFUT0doRTI1VDdUVm04TWVlWEV4aW9mM0g1M1U?oc=5,"Mon, 11 Dec 2023 08:00:00 GMT",2026-02-15T07:57:40+09:00
GoogleNews:所得　食,所得　食,出店により“都市に豊かな食生活を届け”、“産地の所得向上”に。都市型八百屋「旬八青果店」が連続出店します！ - PR TIMES,https://news.google.com/rss/articles/CBMiakFVX3lxTE9SNVY4R3p3QmROT0tYOUM5VGpuM0RxU3oxNWhNSUxVYkw2T0pXbDJnTENyVFh5SFpMQ0NIeGwxOWo3b2gzU3F2d2RzbXc3X2hkcjJWbDdFNjhmeHZqMEstSE5KalNhV0cwd1E?oc=5,"Fri, 01 Mar 2024 08:00:00 GMT",2026-02-15T07:57:40+09:00
GoogleNews:所得　食,所得　食,ネスレ、低所得国のベビーフードに大量の砂糖添加 - SWI swissinfo.ch,https://news.google.com/rss/articles/CBMioANBVV95cUxOWDJFM0xjRmdzRTVTOG1oMEdTYnlMVG52cEU5LUNBWnFHUl8tLTA2bkhNZFZQYUpfbUxVOVpiVzh5NWE2NzJBaWZCS0hXaEZLc0VadlFBaUVVSnQ3aVRYNUs3MkhuVnJWNk1ENmRSU2pXZlVFQWZVZnZLaEx4aVNCODdmWEJoV3MtRGpqYW9nM09aYm9BZVJ5d2ZNNHBFdXp5NWplN1lfN085clpKTXd3MXItUy1mSGlKSURJY0MyVGhaQjYzemNJb3ppakdQWW10cE9TRUctZFo1eFFvSnlRZEkwT0dFd2Z6czhRR0hoYTJJSlVyZEZDSWRmbC1oMUhIbXlqenhSV00teUVFb1VLLTFXcExkMkxiTk5BRmhTRjI3UDFNRUJxekc1MW9zT1h4RjJmWUhzUWNHN0RVZTRIMmM1RTBEOGRyUDNrQ0hZYXVsZWYwb1haVzBBVXAwcW1fV2k3elhmeUNweGJnUl9kMXJyVm1GUDFyMmozdjRYU3FqaFByTlV5TDBFQlBJUVIweW00Ynl0R0hxNTJJNVBDaQ?oc=5,"Fri, 31 May 2024 07:00:00 GMT",2026-02-15T07:57:40+09:00
GoogleNews:所得　食,所得　食,世帯収入、200万円未満が2.5ポイント増 「衣.食」の確保難しく、病院受診も抑制＜2022年度沖縄子ども調査＞ - 琉球新報デジタル,https://news.google.com/rss/articles/CBMiW0FVX3lxTE95ZU1zOGMyZ0IxWUpxRVgwb2FJNWFaaEVwS3pkcmlXaUNyYUt2YjBfdHpDOGhZWUpjcVYxdnNLVHkyU3JTOVF4ZmcxMlZsZUFpVXFQaElzVHdXNjg?oc=5,"Fri, 09 Jun 2023 07:00:00 GMT",2026-02-15T07:57:40+09:00
GoogleNews:所得　食,所得　食,戸別所得補償復活を/食健連署名 野党４党の共同へ - jcp.or.jp,https://news.google.com/rss/articles/CBMidkFVX3lxTE9rTkpFZkY1dWtQaW8xdTRtbm9nSjdEcEVCSG1Pa2FNTklHeWMxT1hEbzQ5NHFxRlFIdS1ONlBGRDhxSVR3UmZ5TXJDZU8tR29lZUdJZkRrMVNmMXluQUkyMDZuZjJ2c1FTM3NJTHoyekZ3Z245eVE?oc=5,"Sun, 18 Sep 2016 07:00:00 GMT",2026-02-15T07:57:40+09:00
GoogleNews:所得　食,所得　食,アングル：米ファストフード業界、アプリ利用の割引で低所得層つなぎとめ - Reuters,https://news.google.com/rss/articles/CBMiekFVX3lxTE5UMUV1TjZrTFJmMTF2NzFzODZ4RlF5RGwyNmMxazhtQVlNSWVuRUNEc1dIc2xYWlRQVUh6U0xYSGVSLUJDZlVScEM4cXgxZ2IxVHBGQjlvQlQ2UmNBd0FzLWpsRktBalFRRHlHYzM0bk45dGtlaFo4SnZ3?oc=5,"Sat, 30 Mar 2024 07:00:00 GMT",2026-02-15T07:57:40+09:00
GoogleNews:所得　食,所得　食,【サンタさんは忙しいから来ないと言ってます】ひとり親家庭の収入や食への影響を調査 - PR TIMES,https://news.google.com/rss/articles/CBMiakFVX3lxTE1ZdFI1b1hhQzlTZEVVcXNGdmdndnBKQ19oNUNoVm9md0hPMkNQWXFiQmhEdDBvZGtzMi1qNGx0cXNBYzZiTTZfbEdlSC1iMmliQm5NYUZXOVVfT0FHZnk0TlJNVlhWZjB0RVE?oc=5,"Fri, 24 Dec 2021 08:00:00 GMT",2026-02-15T07:57:40+09:00
GoogleNews:所得　食,所得　食,【プレビュー】品川区 所得制限なしの独自支援策 ひとり親世帯に子ども1人5万円を給付 - TOKYO MX,https://news.google.com/rss/articles/CBMiZEFVX3lxTE9VWnZDQlJhNTdoTFMxZmxyc2RuVnhuZGdlaE1GZUNYRkVSVnVzUXVRM29MVGdEUV9OeHdvdFBRbFNVS3d6bV8ycGVGbGdVNkdXWl8ySEdlaHM4TEtrWEpCS09rWkI?oc=5,"Thu, 28 Dec 2023 08:00:00 GMT",2026-02-15T07:57:40+09:00
GoogleNews:所得　食,所得　食,タイ、所得による食生活の格差が顕著～タイの「食」に関する海外調査 （冷凍食品・コンビニ利用実態編）～ - PR TIMES,https://news.google.com/rss/articles/CBMiakFVX3lxTFBWei1ZTFp5M1hMZTB3dXZVOEc1bmpieUNRSnpZczFHNjFxUURlNF9lWTNqNmpuYkVLMEo1WkxEejlERnpGN2N3M0lZNE5pNjBOVFJYUzcxWDNDUUhpNEpjRXdjVFZWY1hFQXc?oc=5,"Tue, 03 Aug 2021 07:00:00 GMT",2026-02-15T07:57:40+09:00
GoogleNews:所得　食,所得　食,"所得の割に食にこだわる｢エンゲル係数の高い県民｣が不思議と好む､米でも麺でもない割高な""粉もの料理"" - PRESIDENT Online（プレジデントオンライン）",https://news.google.com/rss/articles/CBMiV0FVX3lxTE1hR2NxX1NmY0trT1p6azdmQS00TGVPcmkyQWF5bEo2aTRrOUk2OUZPYk1uUGM5YWZTY0ZvODFRMXJDel9jZjhKNWU4QjN1WDd1cUlrNzEzWQ?oc=5,"Tue, 12 Jul 2022 07:00:00 GMT",2026-02-15T07:57:40+09:00
GoogleNews:所得　食,所得　食,【プレビュー】品川区 低所得世帯に7万円の支援金 補正予算を専決処分 - TOKYO MX,https://news.google.com/rss/articles/CBMiZEFVX3lxTE1OREl6cGs4VlVWcUFIOS1JS0NaaEJpb2k2QVJjbk5oTW8xRWhxVHNjOGNFT2syczZNS0NCSHF6VTVqVnE0N0lWb1ZJaklrdWdUckctQlBBZWNMWGZuYkNrd0J5X08?oc=5,"Tue, 19 Dec 2023 08:00:00 GMT",2026-02-15T07:57:40+09:00
GoogleNews:所得　食,所得　食,所得が高くなると健康投資が増える？－高血圧診断が食生活に与える影響をもとに 小西萌 助教 （2011年4月当時） - waseda.jp,https://news.google.com/rss/articles/CBMiYkFVX3lxTE9iMmUzSWpFcVdOOXdqM0dXbGJJZEJEc0p5QzVkNjNyR0FwWk1qb3ZGTjFnSklWQ2hsdkU2U1pkNkNtYVVnRG0tRnNyNFhMZ2dRLXlWa1lvYU9ISGtuNFYwcWFB?oc=5,"Sun, 17 Apr 2011 07:00:00 GMT",2026-02-15T07:57:40+09:00
GoogleNews:所得　食,所得　食,「割高なのになぜ？」フードデリバリーは低所得層ほど利用率が高い - ナゾロジー,https://news.google.com/rss/articles/CBMiW0FVX3lxTE10Nzk5X3IwbDl2OWs2UnZrUThoMmp5c29WckdCbWdIZkw4SGdvejI5RUx4MTkzd05Nbzhsd0JZVWUwSHUyaWMtaHkyWF9uRm1uSlBUaUdQYU5tcXM?oc=5,"Fri, 06 Sep 2024 07:00:00 GMT",2026-02-15T07:57:40+09:00
GoogleNews:所得　食,所得　食,バイト収入減り、半数近くが「1日2食」 山梨大、都留文大生アンケート - 毎日新聞,https://news.google.com/rss/articles/CBMiaEFVX3lxTE1zMENlRkEteXhKYklCOFNiSEE5emRSaFFUYV9BM1UyUmdySmdwNGtUT18wMVNlWWQyV1VmaHBBbUlBSXFZN1FYXzkzNTh4VU5uU3JGeTZTWTVxUXM5REdVNGJYdnZwSHhW?oc=5,"Wed, 25 Nov 2020 08:00:00 GMT",2026-02-15T07:57:40+09:00
GoogleNews:所得　食,所得　食,「野菜で食育」 低収入からビジネス創出までの軌跡 - 日経xwoman：クロスウーマン,https://news.google.com/rss/articles/CBMidEFVX3lxTE5WMkpEQ1BRYVc0dU12ZmlmbHhTQ3ZuN0RGODk4TllZTl9LT3JSOVRpeGxTVWVZTWVXeERyeFdPTjdDMW5CSEFUT1RMTXBEbFV4RnRwYk1lMktzMlY5ak5IcnJHX2MxSFgwdEZaRU4wVDNSMGkx?oc=5,"Tue, 24 Dec 2019 08:00:00 GMT",2026-02-15T07:57:40+09:00
GoogleNews:所得　食,所得　食,所得と野菜を食べる量の悲しい関係、野菜マーケットはいまや「局地戦」へ 味の社会学（第6回）(1/4) - JBpress,https://news.google.com/rss/articles/CBMiVkFVX3lxTFBBV0hOaUtlZVFvZU5PVUFsTWlpeURXY0YyRlFqaW96dGVnd2hHNUVBU3ZkN0kzRG1JcTl3QVhiRk1VbnRTVlV0NzN1djNFdEVrSUJtVE13?oc=5,"Wed, 26 Feb 2014 08:00:00 GMT",2026-02-15T07:57:40+09:00
GoogleNews:所得　食,所得　食,「1日4ドルで作れる」低所得者向け料理本、米国で大ヒット - ナショナルジオグラフィック日本版,https://news.google.com/rss/articles/CBMiakFVX3lxTE8zVmQwT1VyZDNsOVpnS3JZS01UdEFQaTQxMWpDY0xtbjNqV19XdVpfNlBaWExaakZnRjZuTktDYnpBVXNkR2dUTlFHVVhFbHd5ajd4eFM3Z2Z4ZXhqMXMxRXNsaVVaa2pWdkE?oc=5,"Tue, 26 Aug 2014 07:00:00 GMT",2026-02-15T07:57:40+09:00
GoogleNews:所得　食,所得　食,肥満なのに栄養失調、米国の低所得者層の病んだ食生活(1/3) - JBpress,https://news.google.com/rss/articles/CBMiVkFVX3lxTE94U0tqN2pINWl0VmtuZThYblVhR25FaXVGM3FISHJ5R043dGhJNlZRaGpUNUpyVUxVUjBIcEN1a1ZFTUhfNnBObnc1a0xYbTFCR1ZYcEVR?oc=5,"Wed, 19 Mar 2014 07:00:00 GMT",2026-02-15T07:57:40+09:00
GoogleNews:所得　食,所得　食,栄養改善と収入向上を試みる、ラオスにおける「昆虫食」のあるべき姿 - JBpress,https://news.google.com/rss/articles/CBMiVkFVX3lxTE0yeFFVRlNLdmxZX0RJRW0zSUh5a1pzdjhhRjlYZVoxS040blotTGt0TXBOUmtFMk15YTlFcjRJYzZwbk9HMDVzQ0R6Yk5YbjdTYlJDWHFB?oc=5,"Wed, 14 Jun 2023 07:00:00 GMT",2026-02-15T07:57:40+09:00
GoogleNews:所得　食,所得　食,タイ、所得による食生活の格差が顕著～タイの「食」に関する海外調査 （冷凍食品・コンビニ利用実態編） - タイニュース・クロスボンバー,https://news.google.com/rss/articles/CBMiUkFVX3lxTE5naDd4eG1ja01vVWF1cDFhSi0yRUtuU3F1cWIzNkFJdlU5dzlCcjFvUVJjRTF1WlJmZUR5dWNPTHlHLTVnYlNmRFFSZ0lvUUo0aVE?oc=5,"Tue, 03 Aug 2021 07:00:00 GMT",2026-02-15T07:57:40+09:00
GoogleNews:所得　暮らし,所得　暮らし,"「お正月どころではない」――年末年始、8割が家計苦・物価高が拍車 低所得のひとり親家庭に迫る困窮【2,000人超調査】 - PR TIMES",https://news.google.com/rss/articles/CBMiakFVX3lxTE9ZTGVna1pSOENZclQ0QWViY3M0TkE3T25hQWpoNTFuUWVHTGQ3NGk2ak5zbWZIVDBsd0NHcFFESjZ1U0xobXZtOFc3NmFIbFlidHo1dDVaUk5kZ0dacnp5d0ljWS1vb2NBMHc?oc=5,"Thu, 04 Dec 2025 08:00:00 GMT",2026-02-15T07:57:43+09:00
GoogleNews:所得　暮らし,所得　暮らし,千代田区ホームページ - 【千代田区独自事業】暮らしを支える直接支援を実施！【所得制限なし】物価高騰対策として区民にギフトカードを配付（令和7年6月2日配信） - city.chiyoda.lg.jp,https://news.google.com/rss/articles/CBMihwFBVV95cUxQVFZobXVXdWJ6djhLa3JmMnVDR092XzBHakRCYkg5XzRvTExuSVMzblpmT19FSjhTNm40X1lqOEUweUFSUHU3MmRNamxzamdYZjhjRWhNUXZMSUVaRFVTWlRnNVplYzJ6RHg5aC0tcXROeHVpR3p2c3BsYmN2cnVqeEZtcjhjemM?oc=5,"Mon, 02 Jun 2025 07:00:00 GMT",2026-02-15T07:57:43+09:00
GoogleNews:所得　暮らし,所得　暮らし,物価高から国民の暮らしを守る令和6年度補正・7年度予算 あらゆる政策総動員で可処分所得を増やす | お知らせ | ニュース - jimin.jp,https://news.google.com/rss/articles/CBMiXkFVX3lxTE5qSkFyUlMycENWTDZQbEpLNzZCNnlFVDU3LWM2UDJwQ0ZRWDJFQ3lIdV8zWlk0QldyOEQ4OHBFVmZpUGtEWTJxa0FPX3ZJNDdoVWw3MXl3cEJ6Y1R4SHc?oc=5,"Wed, 30 Apr 2025 07:00:00 GMT",2026-02-15T07:57:43+09:00
GoogleNews:所得　暮らし,所得　暮らし,現役世代の手取りを増やす「金融所得課税」による世代間格差の是正と暮らしへの影響（高橋成壽） - エキスパート - Yahoo!ニュース,https://news.google.com/rss/articles/CBMiiAFBVV95cUxQZktYX3FQV1ByNzN5ZHdfNEdMSU0zS0szSy04emhDVDhjNm1LbkktaUpKQm9xSkFsVDd1ekxWTkM1NWtfM09fNkhSei1DN1NQeFNkVkpXS1hXN3BKb2Flb05iMERmUTFyMW9GYTJfdk55SDdaN2tkZkJKYnFMekRtOXh5eFk4S1c2?oc=5,"Mon, 24 Nov 2025 08:00:00 GMT",2026-02-15T07:57:43+09:00
GoogleNews:所得　暮らし,所得　暮らし,中間層の暮らし向きは案外良くない - jil.go.jp,https://news.google.com/rss/articles/CBMiakFVX3lxTE45WlM5TWFnbnN4U0ZnQzdVTkRxdFJINGtaWlhhV0pQaWY0ZFRvRTQ0N2tZUmNYMFNTeExEcVRKdFVOUWNwOEhMZEpZc0hINmYyZ0VxV0NxWmc5TWJnUFBacFA1TnBvc2hCLWc?oc=5,"Wed, 19 Mar 2025 07:00:00 GMT",2026-02-15T07:57:43+09:00
GoogleNews:所得　暮らし,所得　暮らし,＜社説＞経済対策21兆円 暮らし救済期待できぬ - 東京新聞デジタル,https://news.google.com/rss/articles/CBMiU0FVX3lxTFAzUkxFMDc5UTM0ODRtb2Y2aFF1NHdHTWdrd2V0NVhzTlROa05HMDBMcnpjRW5HZjgwakxhT2s4LTZqMGNnb2FYdXVjZ21BQXVIbjFR?oc=5,"Sat, 22 Nov 2025 08:00:00 GMT",2026-02-15T07:57:43+09:00
GoogleNews:所得　暮らし,所得　暮らし,〈トンポの暮らしを支える／こちら同胞法律・生活センターです！63〉年末調整の仕組みと２０２５年の変更点 | 朝鮮新報 - 조선신보,https://news.google.com/rss/articles/CBMiVEFVX3lxTE4zblpnQWk1VXo3NXgtLXlPOW1sX2RqVzlGekJMWmhtM052WTNkUC1WWUQ1LVV3VzROWHNhMDRnNC1scmxFNnNVU0VkR1RZZjA3ZmRjSA?oc=5,"Fri, 24 Oct 2025 07:00:00 GMT",2026-02-15T07:57:43+09:00
GoogleNews:所得　暮らし,所得　暮らし,暮らしよくなる？ 2025参院選＞社会保障費 所得の半分近く 負担にあえぐ若者 年金「どれほどもらえるのか」 - 北海道新聞デジタル,https://news.google.com/rss/articles/CBMiWkFVX3lxTFBkdGVtbW1RNm5Sa0gxRjgzNUxCelRoNllLWGpNNnl6TmdrTzlXald4cjIzR3VCV2NCUFZWX2NyRVl4dWo5OGs2eUNUcG1IdEtHN0hjWGlLRVpzQQ?oc=5,"Sat, 12 Jul 2025 07:00:00 GMT",2026-02-15T07:57:43+09:00
GoogleNews:所得　暮らし,所得　暮らし,【沖縄こども調査】物価高騰 低所得世帯ほど暮らしに直撃 2024年度 - 沖縄タイムス社,https://news.google.com/rss/articles/CBMiXkFVX3lxTE50V3paU3d0ZXlQNE9qb2Z4YV9vbmNUTmR5bEpmX0daS2Y4LXhySGpUellLTmF1MlNPTGxVX0JYZ2Nfcnl5WDE2c3lEcnljV0Jhc2ZweUtOUlBPa1hIcGc?oc=5,"Tue, 27 May 2025 07:00:00 GMT",2026-02-15T07:57:43+09:00
GoogleNews:所得　暮らし,所得　暮らし,「日本を動かす 暮らしを豊かに」参院選の公約を発表 | お知らせ | ニュース - jimin.jp,https://news.google.com/rss/articles/CBMiXkFVX3lxTFA4d3NFXzlKV2JZYmtoQ0Z5R2d5MzBHaFctZV9qNm5hM1BueGk4SEZ1U1dfa3RDNzVTVXpKUXF0bHdkaGc4UEs2T1FNVk9XUHJ1UWtuQ2VXRHppemZJR0E?oc=5,"Thu, 19 Jun 2025 07:00:00 GMT",2026-02-15T07:57:43+09:00
GoogleNews:所得　暮らし,所得　暮らし,基礎控除引き上げを/辰巳氏 暮らし置き去り追及/衆院総務委 - jcp.or.jp,https://news.google.com/rss/articles/CBMidkFVX3lxTE11RUJBNnZjWFg3bXVLRXVhTkpCenlhUTJKQ2kxcXVHekhQUlJvRFczdmp4Tnh1aHAyb214YUEyaTZiSGRCMzUtaGhwQWhkYTFxSjByb3hXdmU5QVRZUG9TRXJtazM5SFo3UzBiUUtZaTRjYmJFcnc?oc=5,"Wed, 26 Feb 2025 08:00:00 GMT",2026-02-15T07:57:43+09:00
GoogleNews:所得　暮らし,所得　暮らし,市営住宅に住む年金暮らしの友人は「家賃2万円」と聞きました。夫婦で年金15万円の私たちも、家賃2万円で公営住宅に入居できるでしょうか？（ファイナンシャルフィールド） - Yahoo!ニュース,https://news.google.com/rss/articles/CBMif0FVX3lxTFBJYklUOXJfNXRfalZHZDlNQjBlN1BmdkxmbGt1N0hzMFpUeTZOdnl4YmozSlBDQWpaRllHYTRmUnYzd1gzTnBVY0hQejBGcEE5dENDSl9XZmhNTjd3NlZ0cW5ScEdNUk93aDdPeUVYSGd3Mk1jMFJRWFFhQnNnVHM?oc=5,"Thu, 22 Jan 2026 08:00:00 GMT",2026-02-15T07:57:43+09:00
GoogleNews:所得　暮らし,所得　暮らし,「住民税・非課税世帯」となる所得の基準は？ “年金暮らしのシニア” はなりやすいのか？ - LIMO | くらしとお金の経済メディア,https://news.google.com/rss/articles/CBMiS0FVX3lxTFBUbXdDVktVanlsTXZESUlmTnZQM0R6bnpGTmtTYVpOem1ZbDhfc3lyelZmcEJ4dWE4MGZBMFE5Vk85d2VKRFYxTi1aSQ?oc=5,"Thu, 05 Jun 2025 07:00:00 GMT",2026-02-15T07:57:43+09:00
GoogleNews:所得　暮らし,所得　暮らし,【申請受付終了】京都市くらし応援給付金（不足額給付）について - city.kyoto.lg.jp,https://news.google.com/rss/articles/CBMib0FVX3lxTE4wVkxDeWZ1SVRtSFVDM1VCb3QyZnF0UHNVRXpHZVZvdldmZDVIcmVRS05LOEk1aG1GdmtMUmoyY0tyUzNmQVVsOXhQZnEtNlVYbU9yVkU5LWFCWmZIcVFldU5pOWpNZVRxQzNPUHl6OA?oc=5,"Mon, 23 Dec 2024 12:30:19 GMT",2026-02-15T07:57:43+09:00
GoogleNews:所得　暮らし,所得　暮らし,くらし・いのちを守り、賃上げを加速する 緊急経済対策 - 立憲民主党,https://news.google.com/rss/articles/CBMiUEFVX3lxTE16VWhxeVg2QjRkUVpNQkVQcnZfQXZZcmVqY3ppTGVmbHlFYVNuR2xYUTJFSE9UMUQ5WUxmeHBxUGNSa2x0azFuc3hvNXRhcDlF?oc=5,"Fri, 14 Nov 2025 08:00:00 GMT",2026-02-15T07:57:43+09:00
GoogleNews:所得　暮らし,所得　暮らし,6月からスタート 暮らし守る定額減税 - 公明党,https://news.google.com/rss/articles/CBMiVEFVX3lxTE5ac0xkSXg3RnNkYzJ0NVpRY3NxcnE4a28yOHY2MFVzUzFrWXlzLTR4Zmw0cnNNQVZCT0VJSkF4eThaRG9iSXhfdzVHZE05bDJDMWdUWg?oc=5,"Tue, 07 May 2024 07:00:00 GMT",2026-02-15T07:57:43+09:00
GoogleNews:所得　暮らし,所得　暮らし,「住民税・非課税世帯」となる所得の基準は？ “年金暮らしのシニア” はなりやすいのか？ - LIMO | くらしとお金の経済メディア,https://news.google.com/rss/articles/CBMiVEFVX3lxTE5OSHRpaGVLTVJrQ0laLTFFWW80bm91RnpCUnpwZ3RVem9nYzdBd2xJNkd6dTFESjVqWFUxcEpQOFRYdjN4QXdRekhWV0xldEkwdEdleQ?oc=5,"Thu, 05 Jun 2025 07:00:00 GMT",2026-02-15T07:57:43+09:00
GoogleNews:所得　暮らし,所得　暮らし,参院選公約2025｜「日本を動かす 暮らしを豊かに」 2025年 第27回 参議院選挙 - jimin.jp,https://news.google.com/rss/articles/CBMidEFVX3lxTE13dWYtTTNCUUdnZnNxZ3dpOWZ5dlh3UXRJR01WTXl3cWY1OGhzc0laSmRVOHN2X3pCWEtlTWw1Wkw5QlJ2UnNTNTRWa0V4V0pydVdTM2ZoZUxOYkJvaFhoRWtjZF9VLWhUUFFzeTRXNWJ2amlJ?oc=5,"Fri, 25 Jul 2025 05:44:51 GMT",2026-02-15T07:57:43+09:00
GoogleNews:所得　暮らし,所得　暮らし,公明の主張が反映 暮らしに根差す予算・税制 物価高対策・所得向上 自治体独自の施策後押し／学校給食費軽減、ＬＰガス代支援など - 公明党,https://news.google.com/rss/articles/CBMi6AJBVV95cUxOU1QyQlRRLW5lbWd4YlVlRG1pT05Ia2lWZHM1YjhCU0NVVENMYkZ3cVVXS2tQWU9rRWQyZkZYZUItUGs4dkI4emxQRmVrOTdxbkt5NUp1RGMzeDNCLVcwNWxqWk9KR1VSSmJfMjFZeFRqallTLU04X0JXUTFxTEFkb0NaS1k5WnNCdmpFbm1OcU1OaGxJckZfeXl5ckoxQmtZbVVsTTdCdDE3bkduNGpQSXFlSDROT2t1M0I3VVljaVNnZzB4dHZFX29lVnlnTjhjNEF4TkRmZUg2VHE5TUFaQUUwWHMxMmRyNDgtTkQzNDVzSlJyUE5zOEI1YXpDN09DNm9ncWdyd3c3M2Q1aWhBM2NoNm1GX2VadUowNFJhLW1VMFFRcWl3SFBkamFzS3NyZWd6YkdISmpEcWFjMXgyTkhkbEk0bmVJYXphRkpuRjR5T0JBR25Cc25BQ29hb0k3eS1PQm4xT3A?oc=5,"Mon, 13 Jan 2025 08:00:00 GMT",2026-02-15T07:57:43+09:00
GoogleNews:所得　暮らし,所得　暮らし,調査シリーズNo.228「暮らしと意識に関するNHK・JILPT共同調査」｜労働政策研究・研修機構（JILPT） - jil.go.jp,https://news.google.com/rss/articles/CBMiZEFVX3lxTE5rOC1sVmxmbEh1cC0ySFFtcUh5Nl9xbFNkMmZJUVNySlk4SVZQYTFsMGFOaDhZc0dqalk5TEdCRkZjcDVjdXpMWkgwdUJfVkNVTkgwMi1QLWwzT2llMmpVRDkzN3E?oc=5,"Fri, 31 Mar 2023 07:00:00 GMT",2026-02-15T07:57:43+09:00
GoogleNews:所得　暮らし,所得　暮らし,全世代の暮らしを豊かに - 公明党,https://news.google.com/rss/articles/CBMiVEFVX3lxTE5abHo0SGM2Vl9WMlhBbVRqWnl3ZjI4Q3NqUXliRHlycl94aVhRZVZFLVBfT3Nxd09reDZrcXNJN1ZPUE5SbERydTVlWm9xYmlkZ1lYcA?oc=5,"Sun, 29 Dec 2024 08:00:00 GMT",2026-02-15T07:57:43+09:00
GoogleNews:所得　暮らし,所得　暮らし,暮らし守る定額減税・給付 - 公明党,https://news.google.com/rss/articles/CBMiVEFVX3lxTE5VSGxLdUZUNmJMOENqSnY3a0RBWURBMUc4elZfN0Y2YjRwZ2FtTmNyY2ZpSkNzVEpGZENYR3dwWTlRN2RaS01iWjdWalRzM0g4ZnRmbw?oc=5,"Thu, 28 Dec 2023 08:00:00 GMT",2026-02-15T07:57:43+09:00
GoogleNews:所得　暮らし,所得　暮らし,暮らし守る定額減税が6月からスタートします。 - 公明党,https://news.google.com/rss/articles/CBMi7gJBVV95cUxQU3RrMHZSYmltbmNZLXByLWJhUER0MGlWa0RlM3dpWGZLTERDUURvMFpoYnM3SVZzdmhZdUZlX0JqZmNkUWk3TEF5YzRmNVJtWU9Bdm5DZVRLc0gwTzhTWFlyUldXNU90SndYaTFYN0tOV0NVQjl1NWZRZWljSnFoZXNVT0M5OXFmekxZUVBWRDA5dVA1dW0wNG8yc25yZkdoYkk1U2hwM0E2WjBkY2pSZ3owU0hkTFJtb1FUTkJ2NE1ySHR4UWNVbTBlc3VOWHRzOEhvd0pNN3V2bjNCdW9wN3FKMjQzWnNmMkx3amVHR3dSWWphZ2VvVjRDR3NPLUhhVXR3clQ2dGlYN3k1REtJM0VaN1ZOMVVLajRRaTNNU0FUMUNEUG52Ry16Z280a2tsbUdpMWtLRHRkT051OTBWNkRETHcwTHFuVWtQMGJ2WGJ1MjlVYWl1eFZVNEI1RmljZDRndUFsdDE4TzI0Snc?oc=5,"Thu, 09 May 2024 07:00:00 GMT",2026-02-15T07:57:43+09:00
GoogleNews:所得　暮らし,所得　暮らし,石破内閣の主な実績｜「日本を動かす 暮らしを豊かに」 2025年 第27回 参議院選挙 - jimin.jp,https://news.google.com/rss/articles/CBMihgFBVV95cUxOODRNLWplckFwbmIyQUNsYnpKS1AyUlJOeVh4bjIzVzM5cWVYalBIVk1mY1RiNjdacWUyQmQtTWJHQkxRdEtQVGpUNGoxdGFRaGtFRU1zdHV5c2FkN0JkY1Btb2pLeE1Ia0dCeDU1cDIwU2hTb3BWdWp6ems5dFZqMm14UjE2QQ?oc=5,"Fri, 25 Jul 2025 09:22:03 GMT",2026-02-15T07:57:43+09:00
GoogleNews:所得　暮らし,所得　暮らし,物価高から暮らし守る - 公明党,https://news.google.com/rss/articles/CBMiVEFVX3lxTE1aNExYVXFpdzNzbXVKY3JQby1PT3pTS050TDBPTUVLZ3huS2Q4R1Y0emcxLVk3Q3JTc1RadUd5eWdNa0c3MGZ4bzBNMFBaNFBLTTYtaA?oc=5,"Fri, 07 Jun 2024 07:00:00 GMT",2026-02-15T07:57:43+09:00
GoogleNews:所得　暮らし,所得　暮らし,【東京】「所得を上げ、負担を減らし、生活者の暮らしを良くしたい」玉木代表が秋葉原駅前で演説 - 新・国民民主党,https://news.google.com/rss/articles/CBMiW0FVX3lxTFBpbkpqazFBT21ObXdxLWFuWDZOaE1XQ1Myd0ZXX29ST2dVZXJMWmJRUGN4cDdCa1A1ckpjekdHc0JoclA5R2EzYnM2amZiVmVsZzNET0NVLWZiblk?oc=5,"Fri, 28 Jul 2023 07:00:00 GMT",2026-02-15T07:57:43+09:00
GoogleNews:所得　暮らし,所得　暮らし,「80歳以上女性」の34.8％が1人暮らし、世帯全体では所得減少し「生活が苦しい」との声は過去5年間で最多―2023年国民生活基礎調査 - GemMed,https://news.google.com/rss/articles/CBMiSEFVX3lxTE15ZHhXOVhFdEQzMFZIQ2RONXI0anBjWXhkZ3FCS0Exalk0TlJyT0RSU2c2QWlMejJvZ2ZLd0lkOUlfbTJvWXRvZQ?oc=5,"Tue, 09 Jul 2024 07:00:00 GMT",2026-02-15T07:57:43+09:00
GoogleNews:所得　暮らし,所得　暮らし,【公明の主張が反映 暮らし守る予算・税制】生活支援 - 公明党,https://news.google.com/rss/articles/CBMiVEFVX3lxTE81QmEtcEpsN3QtbC1ieW9SMVNVdGxMclp6Q0pjdzZ6Nzd6dkI0d1NJSnJrd053TWVmTFZoMEIteXA1QVFfM214b0IyOEZtcGl6eWdBdg?oc=5,"Thu, 11 Jan 2024 08:00:00 GMT",2026-02-15T07:57:43+09:00
GoogleNews:所得　暮らし,所得　暮らし,物価高騰から暮らしを守る緊急提案 - jcp.or.jp,https://news.google.com/rss/articles/CBMidkFVX3lxTFAxMlI5ZVdiOGZnbkg2OWhaVGtWV0lORXJPYUJoUGlLMGRhM0hUTzdjQk05VG5Zc0pQUlF4em1rSlprV3dFeFpYSDU2WEJia012bEc0TkFpc2VJN0xLVERkQ0p2Yl8tcGM1MzE4N1FYZFAyZTJfdUE?oc=5,"Thu, 17 Apr 2025 07:00:00 GMT",2026-02-15T07:57:43+09:00
GoogleNews:所得　暮らし,所得　暮らし,“政治学習のために” 国民の暮らし守る公明党 - 公明党,https://news.google.com/rss/articles/CBMiVEFVX3lxTE94MEVVOVRSR2tHUUMwTWtvV1M5VkhUd0ZfZmhMN01QbnJNM25TcHd6YkhCNmwtY2piempGZ1ZfZlNYNDB4eU0wcnZvSXdaSjM2cHNhMA?oc=5,"Mon, 17 Mar 2025 07:00:00 GMT",2026-02-15T07:57:43+09:00
GoogleNews:所得　暮らし,所得　暮らし,暮らしを守る定額減税・給付 - 公明党,https://news.google.com/rss/articles/CBMiVEFVX3lxTE1sOHVfdUtaTlh0UnBxd0hzNDZrYnIxMzNJVGtkalY0MHh2UG56Wk5DUUlTVnItMGdpekNkbGhsQ3piY0lkbXZhZW91d2NMSERFaEpYQw?oc=5,"Sun, 14 Jan 2024 08:00:00 GMT",2026-02-15T07:57:43+09:00
GoogleNews:所得　暮らし,所得　暮らし,社説：高市新政権 物価高と積極財政 暮らし再建の道筋見えぬ - 毎日新聞,https://news.google.com/rss/articles/CBMiaEFVX3lxTFBiR2VWeGZZNl9henJwTHZKZ0E3QnB4SldYLWN1S3htUXlydC1oLXZkUXo5Nm9RLXJxQjlNWDFvdTlWN1ZDWEUxc1M0Tk1KQ3d0bzJBVGZfSUhxUm1GUFk5aHEwM3d0S2Qy?oc=5,"Mon, 27 Oct 2025 07:00:00 GMT",2026-02-15T07:57:43+09:00
GoogleNews:所得　暮らし,所得　暮らし,所得再分配が不十分 富裕層の税負担軽い―トランプ政権１年で米専門家 - 時事ドットコム,https://news.google.com/rss/articles/CBMiY0FVX3lxTE91YzI2RjJETkRmRzRoWXpGV1hLWWJpekZBbnRCdUx6MS1ucTNkRkhOQUFQeHlNWWhvVXhDSUJMQWhiSU1TTnJINnAwY3Z4VUZMLUVCcnRMMGducFFETUFWMDN4Yw?oc=5,"Tue, 20 Jan 2026 08:00:00 GMT",2026-02-15T07:57:43+09:00
GoogleNews:所得　暮らし,所得　暮らし,物価高で変わる単身世帯の暮らし 外食減少と調理食品需要の拡大、若年層は“賃貸9割”も年代とともに「持ち家率」上昇 - TBS NEWS DIG,https://news.google.com/rss/articles/CBMiZ0FVX3lxTE55ckpwNHdrSjcySzNMZ3Y0YTFDYVJneEJGUWlFbWRjTEIwRlVDSG42R2xTOEUtbTN0WmlqNFktUFBUeHdodGxXUmlMdzd0cFZRazJzY0pCTnVlbVdxVTh5dFQ1WW5JQjg?oc=5,"Thu, 04 Sep 2025 07:00:00 GMT",2026-02-15T07:57:43+09:00
GoogleNews:所得　暮らし,所得　暮らし,暮らし守る定額減税と給付 - 公明党,https://news.google.com/rss/articles/CBMigAJBVV95cUxNQ1J5d2NFWUZfaWhZeWxRYjF1WUNnWTFnMWNrS1AyMDMxRExPX3dLOERwZ0dlU1FhWjUyQUQwYWt2S3czS3pwWGU2cWlBS2U2YjVMTnZ4bjZaXzNnVGFvaHhOSnlaRXo4ZUY5aGY5M3hQRHZxNm5CWFowRXgzV3BUQWI5cUhGU3daQ1RDVXNRcm9MMjZwZkFoRElhTy0wVHh6WGYydXVqOU5xM0JiRFg0bU1ULUxSLUhSV0V1VkFnVC1rV1dpZnBhakVrYlVuNUw2MTg3SHkxdDF5MTZ5eDFsajRITkxNbTQtRVZnV1MyWmZpQVd6Wm1HSlJnN2IwSHJF?oc=5,"Thu, 28 Dec 2023 08:00:00 GMT",2026-02-15T07:57:43+09:00
GoogleNews:所得　暮らし,所得　暮らし,日本の人口の4割が「給与所得者」で3割が「年金生活者」じゃあ残りは？ - ダイヤモンド・オンライン,https://news.google.com/rss/articles/CBMiTEFVX3lxTE5OazhQdWp3Z0ZXUnh0Z1R4Y0w2NUNkSzRFWi1CMWw1WjlyZC1xbDc1bTBqSEN3NUtJX2V0QU16b3F1eVFlTXhabFJ6am_SAU9BVV95cUxQeWJJRFQwRnQ4enRWUll3OEhCdnd2Q3BsWVJ6T2hlSS1WZ08wTk5Yano4NU9BaTk3eXBmWmhSNU4tbXZzaUtNbmRoQTk1VlFF?oc=5,"Sun, 16 Feb 2025 08:00:00 GMT",2026-02-15T07:57:43+09:00
GoogleNews:所得　暮らし,所得　暮らし,4月から暮らしこう変わる 医療や介護負担増、働き方めぐる見直しも - 朝日新聞,https://news.google.com/rss/articles/CBMiZkFVX3lxTFBnTFRfZnhpOVo0cjY0MTdFLXJNTUFRN1BkSUIzbU5UTFYwSWUzTmtGbFh6cHlJX0EtLXZkby1XRjlhaFlPYmtEVjBOdnl3RXNZNUxfWEZhcUd0NUNjc1M5b0pVckUtdw?oc=5,"Wed, 27 Mar 2024 07:00:00 GMT",2026-02-15T07:57:43+09:00
GoogleNews:所得　暮らし,所得　暮らし,値上げが暮らしを直撃/低所得者ほど被害甚大/給付や消費税減税を - jcp.or.jp,https://news.google.com/rss/articles/CBMidkFVX3lxTE9lQkJYWndaWnQ5bXVJMTNMWklwYkwwWlRhR0t6b1VSRHJjcWJnZjVaUzBTdjNpSDE5SjJsTWNYdlRBOE03cElTYmdCaTA4anZMMXQ0bWk0Tk5BTkR0VkNvLTBhRlZ3NFV5UkxPRDFWS3I4ODlKRWc?oc=5,"Tue, 08 Feb 2022 08:00:00 GMT",2026-02-15T07:57:43+09:00
GoogleNews:所得　暮らし,所得　暮らし,【大図解】日本のエンゲル係数は45年前の水準に後退！牛肉も大学進学も全部高級品に…「暮らしの凋落」大解剖 - ダイヤモンド・オンライン,https://news.google.com/rss/articles/CBMiTEFVX3lxTE9zVDdXR1pqVnZuaHJJclhabkxDVlF5bVVZdVJvLWtEVEVrREhWY3RZSG9CNXJZc29CVm1ranRFOWZUa21sUFh1UExDdVrSAU9BVV95cUxNSm1UNXEycV8zcTNUZmoyMVdISmRuRjJTbmtjcktXVUpoWlpIRC1IODZxXzZtakRRTGphZ01fLXgzOWpIdHN6WWlmV3lTTVlR?oc=5,"Mon, 23 Dec 2024 08:00:00 GMT",2026-02-15T07:57:43+09:00
GoogleNews:所得　暮らし,所得　暮らし,【解説】税制改正 暮らしどうなる？ 「年収の壁」引き上げは？（2025年12月11日掲載）｜日テレNEWS NNN - 日テレNEWS NNN,https://news.google.com/rss/articles/CBMifEFVX3lxTFBpNm5zRE01RTdWUGZfSF9RNm9KZUliMmtoT0piR3BPaVZZbGFRRWdZZHlrRzJ5SDBlcDd5RnhBeEZHcEhYc3VRWmd1b0hVdFUwbGc1ZXFfUXg0b2E2VmZIX1dOal9taXg1cm1HYlZRUkVFeVN6aFVZQVk2blc?oc=5,"Thu, 11 Dec 2025 08:00:00 GMT",2026-02-15T07:57:43+09:00
GoogleNews:所得　暮らし,所得　暮らし,Action 1 強い経済、伸びる賃金｜参院選公約2025｜「日本を動かす 暮らしを豊かに」 2025年 第27回 参議院選挙 - jimin.jp,https://news.google.com/rss/articles/CBMiggFBVV95cUxPQm9zdEVMSUhLQ0l6WnlSbmtxNU8xcV92dVRmZS1vU2tJT203S25aVXJzWC1wanhjQkdYcVNPcjE4Z04tNTVsUTR4OGdFMDlvQW0tc0pnVDVQcG9OT0pBWDhOQUwycE5SOGJRNUp5LWtFbktRWHZZN2xHMFZlME5CWEdB?oc=5,"Fri, 25 Jul 2025 16:43:58 GMT",2026-02-15T07:57:43+09:00
GoogleNews:所得　暮らし,所得　暮らし,物価・賃金・くらし「2025年のマネー」何が変わる - 毎日新聞,https://news.google.com/rss/articles/CBMif0FVX3lxTE1SMzlKQW5hNnNuRWVjUGQwVHVoWmR4S0kxbm90elNBbGFzd01zNkpELW16MWVla3pqaDdLdHFvSjZsR2h2UEZDcVNBdFp4OU1yaXJsTkZYQmVNckZSTGpZTHJodk1WdmZrLTFVbDB5ZG9QZWMxbkkxamZ5UTB0UGc?oc=5,"Mon, 13 Jan 2025 08:00:00 GMT",2026-02-15T07:57:43+09:00
GoogleNews:所得　暮らし,所得　暮らし,1. 強い経済で、笑顔あふれる暮らしを。｜政権公約2026｜「日本列島を、強く豊かに。」 2026年 第51回 衆議院選挙 - jimin.jp,https://news.google.com/rss/articles/CBMie0FVX3lxTFA1ZmR6eEZWQnB5SVhmTFllaDBXNEtNQ2NIRWk2bmxKRm1fSldZZXZCXzRNU1NSQi12NjlKVHhVOGxvM2tPVmQtbEhuUEJfX0RudkEyTE1lU01oT0FnZkxFdm5Ha3RLNVNaQjRmR2RHZnh6UVVGRm9maVNaMA?oc=5,"Tue, 27 Jan 2026 03:14:29 GMT",2026-02-15T07:57:43+09:00
GoogleNews:所得　暮らし,所得　暮らし,６月からスタート 暮らし守る定額減税 １人４万円の負担減に！ - 公明党,https://news.google.com/rss/articles/CBMi6gJBVV95cUxPcHpQbmdSLVpUc0I0NGprajFKX2NzdFJibEhTUDRUTC1TVjRmbXBmREVTTlVWWC1lc0ZYaXpEMzVfTGlhMmIxWDNBdDJUQlFqUU1WZEtHeHZWLWwyeG0wLU5TejNOdGx4cnpfZG5tUjZBRl8wQ2ZBQVZCc0F6VVVycUNnUkR3dnhiWDIyc1NEQmtHeEM3dDM5d29ONV9ZTURVQzl0LTAxLURwTW1zQU9YajFackpRM0RVUkxJa3lpZ3dSZThjQkRrTFcyNWVNZUFhT2pqbGp1VWFIdG9rb3FQQlJNci1hUWh4NU1scUdrQmsxY3VqZTQxWTJfS3c1bGRvUV9ZYnVqclU1UTY3M2FhbVpSWTdpSHJLNlRHaHFQZjhhck9YNDFWUUM2d0NrTzR0b2V6WWVhVVM3VDh4Y1ZiWVBVOFZsMEh6djd2Q3NlUzRZX3V0ODNHYkNpR0wxM0V1QmFNOE0wOHJudw?oc=5,"Tue, 07 May 2024 07:00:00 GMT",2026-02-15T07:57:43+09:00
GoogleNews:所得　暮らし,所得　暮らし,年収103万円の壁引き上げ 手取りはいくら増える？ #くらしと経済 - Yahoo!ニュース,https://news.google.com/rss/articles/CBMiWkFVX3lxTFBXdVhqcFpnak9PMjNlX085eVdHNEtTUEdpRERoNTFjQ1hwSklnVm9URGs5VHI0cU1heDFqUUpaVTczNG1RMkoydzBmbWF3UTVxQjVZMnFKZ20xZw?oc=5,"Thu, 20 Feb 2025 08:00:00 GMT",2026-02-15T07:57:43+09:00
GoogleNews:所得　暮らし,所得　暮らし,複数の種類で生活必需品の購入を支援し、低所得世帯の不安を和らげる「物価高騰対策臨時くらし応援事業」 - TOKYO MX,https://news.google.com/rss/articles/CBMibkFVX3lxTE0xckx1OUJLeHNuMFZDSURvbHgwWFFvMkVfMVFiMkVJdHAxeU1rUzV6aFRyRXgxNGthSnBlRlcxaTgzaUFXR0o2MVBaX1h2M1dQaGlfUUE1b09uRW1hMGowUTFxWEVqa3RleDFzRC13?oc=5,"Tue, 18 Jun 2024 07:00:00 GMT",2026-02-15T07:57:43+09:00
GoogleNews:所得　暮らし,所得　暮らし,「今の暮らしの負担軽減か、それとも将来の安心か」各党が打ち出す消費税ゼロ メリット・デメリットは？ - TBS NEWS DIG,https://news.google.com/rss/articles/CBMiZ0FVX3lxTE53TUtyckNPZWpJcThuUlJ1SnQwT0ZEWFF6SmpVRGpfUWpzMUUzU3pGQldPZTBqQzV6UFhuazZVZTM3R0dOQ1lRUDBqSjhCMVU5NndwSzJmOF9QSU5MSmZ3TG5LNFNMVDQ?oc=5,"Mon, 02 Feb 2026 08:00:00 GMT",2026-02-15T07:57:43+09:00
GoogleNews:所得　暮らし,所得　暮らし,（くらし相談室）高額療養費見直し、引き上げ額は？ ３年かけて段階的に、所得区分も細分化 - 朝日新聞,https://news.google.com/rss/articles/CBMiXEFVX3lxTFBzTmtmOWhSTVllaGdFT3Bqbk50OXhvVzFzdTFaNklqYXM3UWtYY0luOFZadWFIbG52TG5qYkhXWHNFMGJwTmVFb2dXQWtmSllTY0VteC01bEhYZVhp?oc=5,"Wed, 29 Jan 2025 08:00:00 GMT",2026-02-15T07:57:43+09:00
GoogleNews:所得　暮らし,所得　暮らし,【所得を減らして豊かな暮らしへ】メリットが大きい「住民税非課税世帯」という選択肢 給付金に優遇措置、国民年金保険料免除、国民健康保険料や介護保険料も減額 - マネーポストWEB,https://news.google.com/rss/articles/CBMiR0FVX3lxTFBxNXZnN1prakM1VHctSS1hVG1xS1VGMGk5dHowaU93WTgyZnFUZXgwVWRFSzJFQzNTWEYxX1RuUnZNdDJiaURn?oc=5,"Mon, 04 Nov 2024 08:00:00 GMT",2026-02-15T07:57:43+09:00
GoogleNews:所得　暮らし,所得　暮らし,年収の壁引き上げで暮らしどう変わる? 減税効果は実感しにくいか - 毎日新聞,https://news.google.com/rss/articles/CBMiaEFVX3lxTE1JaWtkcUxsYnp3Rk5YOW9FN1BGWGM1NkhGWWI3LU9YTjEtNnlWekNVUjFoSXprSXJIVG9HNExZUG5INTM1R0RBSGV6S1l0Y2RfeGxzbHpzUExDem9nTFhESWg0emtkTzhJ?oc=5,"Fri, 20 Dec 2024 08:00:00 GMT",2026-02-15T07:57:43+09:00
GoogleNews:所得　暮らし,所得　暮らし,年収が“億超え”だったのにリタイア後に破産した人の「残念すぎる暮らしぶり」 - ダイヤモンド・オンライン,https://news.google.com/rss/articles/CBMiTEFVX3lxTFA4RWtEYWlnNmE0LUZtWWQxNzV2akM2b1k4VFBHbzd4NWdyVXZuOUZHWHpEZlNMYzBNWnBKS1c1VDg4ZUtPS2R2NjNrQk_SAU9BVV95cUxNR1pOZFRIeVVUR05Sck1XQWZqcUhuN0FsNHk2YXRrV1lfbWxjWWRKbGNsV3dlSXdqeUdOQ1VmUFZrWWFoUURoTnNnV2xNdjln?oc=5,"Fri, 17 Jan 2025 08:00:00 GMT",2026-02-15T07:57:43+09:00
GoogleNews:所得　暮らし,所得　暮らし,暮らしを守る生活保護に都道府県格差は存在するのか - Wedge ONLINE,https://news.google.com/rss/articles/CBMiaEFVX3lxTE1KYWFSWlpseEZ2NGhwY0oxZ3VubzFZNEJfdzQ3M3NFd3RwY3JBN2diM3lzZDhSSElISkdPOVdWcEJvbnBUTURQUGlGTVpjTFotSlFqUG40cmdzSGM1M0pzOEpfVUtvalJG?oc=5,"Fri, 27 Jan 2023 08:00:00 GMT",2026-02-15T07:57:43+09:00
GoogleNews:所得　暮らし,所得　暮らし,「103万円の壁」引き上げ、高校授業料無償化…くらしどう変わる？ - 朝日新聞,https://news.google.com/rss/articles/CBMiZ0FVX3lxTE1tajJvSWhXYTRQejFfNDhtcWZDY09zWENLcDhpazRaMmRNRWxxU1J2VWtzSnNnRG4zTVZQVTdnQmI1R2JaZWhfM2M5T0hZbWZWZFZwaG1LVnozQTBLblFPTzZ0X1lScTQ?oc=5,"Tue, 04 Mar 2025 08:00:00 GMT",2026-02-15T07:57:43+09:00
GoogleNews:所得　暮らし,所得　暮らし,くらしナビ・環境：省エネ補助、恩恵は高所得者に 「エネルギー貧困」専門家に聞く 伊川萌黄同志社大助教 - 毎日新聞,https://news.google.com/rss/articles/CBMiaEFVX3lxTFBaRUo0Y0t3SV9ZeXI4RlMxV1FUczhGN0VNVHh1X21kX0lneno2QUF2RDNWTjhXbXZtR2Rtb1p5ZG5nbXJad2V0UTZtdTVwemRoaHdMRWdVdDJ0c2VNbHRXejM3WVhGM0o3?oc=5,"Tue, 31 Dec 2024 08:00:00 GMT",2026-02-15T07:57:43+09:00
GoogleNews:所得　暮らし,所得　暮らし,贅沢ではないが貧困でもない？ 年金生活者のリアルな実態 - マネーフォワード,https://news.google.com/rss/articles/CBMiV0FVX3lxTE9RbjJyeDBHWHN2dlVTcFRMT01HbmxCdEY3RlJpWmt1U0lISVJRZHNQZ1R3a0JIOG1sQzNPc1ZtRVRoX21ZX1lwMXJESFR1N0hMbVVSbGxpbw?oc=5,"Sat, 18 Jan 2025 08:00:00 GMT",2026-02-15T07:57:43+09:00
GoogleNews:所得　暮らし,所得　暮らし,東京23区の暮らしが極めて苛酷になったわけ ～「経済的豊かさ」は東京が全国で圧倒的な最下位だ～（中原圭介） - エキスパート - Yahoo!ニュース,https://news.google.com/rss/articles/CBMiiAFBVV95cUxNQ0MzSTgya0JUY0loNzgzSXhyQzZNRXh3LXRqT05wM3NBWW9hcXNianI5RjhQSzI2dWFlQm55T1JLM183dVkwNWhSNTlWdnlZMXB4bXZhMlBIbnREbTVUTndPTGdUNkhIN1FaTFdURktlaFVDRURyaEJfWDB3YkgyTU1IVFFCd2pO?oc=5,"Wed, 23 Oct 2024 07:00:00 GMT",2026-02-15T07:57:43+09:00
GoogleNews:所得　暮らし,所得　暮らし,牛乳、価格転嫁難しく 資材費1.5倍 酪農家「所得補償を」＜参院選 暮らしの現場から ＞4 - 琉球新報デジタル,https://news.google.com/rss/articles/CBMiZ0FVX3lxTE1iZ1FHVjAxeGpPUDF0cWxGc1VBVDlNcEtOY1dMbHhqSmxEeHotS3RTd254bjRBck9pV2FlUWRWQVI4ODdvMXc4akdEbHlzZFUzaldRUlZiczNXU1JORDRMeEhESGVzdTQ?oc=5,"Sat, 19 Jul 2025 07:00:00 GMT",2026-02-15T07:57:43+09:00
GoogleNews:所得　暮らし,所得　暮らし,暮らしに安心 軽減税率 識者に聞く - 公明党,https://news.google.com/rss/articles/CBMiU0FVX3lxTFA1amQyZFdlcTVRWEpkN2NyZS1VYW55LWMzaG1BSmFzLXJyZ3pBVHZUUzFLQi1IWExJVXlOVzY2SHd6eXJ3S2FCWjlEdDROTE9KVkVN?oc=5,"Fri, 17 Jan 2020 08:00:00 GMT",2026-02-15T07:57:43+09:00
GoogleNews:Z世代　意識,Z世代　意識,2025年度「国内Z世代意識・購買行動調査」 | デロイト トーマツ グループ - Deloitte,https://news.google.com/rss/articles/CBMiowFBVV95cUxPbmhHS05YY1dKeUdFVV90b3kzMnpkNTZoRVBNMUZWMUFiQmFvUHhLT1JWUzYyZ2dtSlhhZ1phcVFxa0x1Yk92RmNTOGNKSU9DTTNsaTFscXlTV0psZjE4LXc1VW9wbE1uWm5IX1dYX1Z0QVJ3MXBiQ053LWk0YlNhRnJpZDRybGJDTTNLUTVIMm1ac1FLRHZZNTJCWEFIbzdGa3Zv?oc=5,"Tue, 13 May 2025 12:05:19 GMT",2026-02-15T07:57:45+09:00
GoogleNews:Z世代　意識,Z世代　意識,Z世代の6割超が電話対応に負担感、社会人基礎力の意識調査で明らかに - こどもとIT,https://news.google.com/rss/articles/CBMiZEFVX3lxTE9HUFNYbmpSblFFeTAwQjJLYmR5SWdtekdrRG1CdGkzeUtzSmJOeDkzcVVRdUUyT1lUaEgzMXZqTUM3b3dQYkxaSGpZSXdMNUFRZk5YWmtvM0E1SmlwVlJsWTktMmg?oc=5,"Mon, 09 Feb 2026 01:30:00 GMT",2026-02-15T07:57:45+09:00
GoogleNews:Z世代　意識,Z世代　意識,【調査リリース】Z世代における社会人基礎力に関する意識調査／就職・転職活動中の64.2%が「電話対応が負担」と回答／「咄嗟の対応」や「言葉だけでのやり取り」に不安強い傾向 - PR TIMES,https://news.google.com/rss/articles/CBMiakFVX3lxTE5PdTJQbVB1R2VoUmdwUUlxX1VELXloYVd4X3V1UUZLd2JnTTA1ZVJVZ2VUekNEUDZSZVZhYWhwMXUyYXVBT1dZNWpOUkp2dHNkQWl6MEFxVkkxYmU5NVZBRzF0dFBiVUNqelE?oc=5,"Fri, 06 Feb 2026 00:50:01 GMT",2026-02-15T07:57:45+09:00
GoogleNews:Z世代　意識,Z世代　意識,Ｚ世代にとってサステナビリティは本当に「意識高い系」なのか－若年層の「利他性」をめぐるジレンマと、その突破口の分析 - nli-research.co.jp,https://news.google.com/rss/articles/CBMib0FVX3lxTE85c0lQWWZGYzdIZ21Bd0NnNUgyMzczOHQ4eXpNT1hHMTlQa1paUW9qSndhVW1mdGVxZUo4dk1ETTNGTXYySzVoaFBjZmI1TFpIUkVrTXdPY2doSTM0Z0EyazYtYmc3VXlPeWlySHplY9IBf0FVX3lxTE5zNVd5S09lYVlCS19nU1dsZlQ3TVc1bFNJd2ZaWTVxdmVJdEtqRm1BbllVU0xEX2RrZ0w1M1Z2SzZ5RjV0OGcwcUdleEVJaEYxbEdWM0pmUTNEakhlNEV4TWJ6bTlTNWx6ejlWcjh1ZkpHS2VXXzhzd1hXTFM3R0k?oc=5,"Wed, 27 Aug 2025 07:00:00 GMT",2026-02-15T07:57:45+09:00
GoogleNews:Z世代　意識,Z世代　意識,Z世代はS（ソーシャル）世代に 大学生意識調査2025発表 - AdverTimes.（アドタイ） by 宣伝会議,https://news.google.com/rss/articles/CBMiX0FVX3lxTE43a3p4VDluRmtZZ2pKMUJyMXhJUnl1Mjc3TkhodC1ETkhrM0dLZk9MVl9fQ29IOWU0RldFb2s0d0RSR0NKeGJraUlnUG41bjl5eHBScEJVSHUtNzVVNGdr?oc=5,"Mon, 22 Dec 2025 08:00:00 GMT",2026-02-15T07:57:45+09:00
GoogleNews:Z世代　意識,Z世代　意識,（プレスリリース）【働き方の意識調査】Z世代は本当に安定志向？ベンチャー若手の“約半数”が描く「自ら選ぶ」キャリア像 - ニフティニュース,https://news.google.com/rss/articles/CBMib0FVX3lxTE9peFF4T1V1ZmhzNmNfZDdneHNXRXplMkJvd2xQZWFpQ0FLU2JjczB6U0N4NWtNY1hHejBDZTBrajA5S3J3WXVKWlVub00zZXhzdnd2ZC1VVHlHUkJvNWVoZ2gtN3JEVDZKcE1QZDBDaw?oc=5,"Fri, 13 Feb 2026 16:05:54 GMT",2026-02-15T07:57:45+09:00
GoogleNews:Z世代　意識,Z世代　意識,「意識的な脱管理職」時代：Z世代が求める新しいリーダーシップ像 - Forbes JAPAN,https://news.google.com/rss/articles/CBMiWEFVX3lxTE9WeDFsSnZqcE1CY1Z1QWZUU3lHZlJwR3RYNEpuazBMRmJVRFdpT09qZHJEcjREc1pXdFdmbWNfYzZTUHljYlR4emNEa05MVmxJUTFSWUdjNUg?oc=5,"Tue, 03 Feb 2026 23:33:00 GMT",2026-02-15T07:57:45+09:00
GoogleNews:Z世代　意識,Z世代　意識,Z世代はどう見ている？最新調査から見えてくる企業のSDGs・社会貢献活動の形 - PR TIMES,https://news.google.com/rss/articles/CBMiakFVX3lxTE5GdEZ3Y19KUE5lbm85T0RUWjNtcHR6Yk50dzVpS0dxVXdTZ1B0bDdDR3ZLeDllMXotVG5MUktMdHBSWDFJa0FzQXJxbElheHBwLUt4b0RyWW9tUS04aWtXdHZacGQ2cmd6akE?oc=5,"Thu, 06 Nov 2025 08:00:00 GMT",2026-02-15T07:57:45+09:00
GoogleNews:Z世代　意識,Z世代　意識,生成AI時代の「仕事」をめぐる大学生の不安の実情－高い就職率でも揺れ動く、Z世代の「自己成長」意識 - nli-research.co.jp,https://news.google.com/rss/articles/CBMib0FVX3lxTE9abWtpMFA0M0RDSjlHU21CdjNHd0hCVDdYUDFZRmJqWi1kWXdpX2FLNzRBRGFuVGE5R3ZuSE04Zm93M1VHdDRXZm15X3VZWUZLM24tT3JLWmVBSUpwU3g0UEtFS0ZuR3RuMldnTWIwONIBf0FVX3lxTFAtLWRlbG9od05zZDEwWVdUejlEbUdJM0MwVXY1eGpIQTVUS09vWnAtNFFGYkVQRFlBcXdVQVYtWk1YY2xsZUJ0ejRkakQ1TFVtREdYWk1taEtSSkpvaWJwSUFUQTFvNG84eXdBcnlqWFh5ZnBsanNjQmtvSmNUanc?oc=5,"Tue, 27 Jan 2026 08:00:00 GMT",2026-02-15T07:57:45+09:00
GoogleNews:Z世代　意識,Z世代　意識,Z世代は「ご褒美消費」に意欲的 デロイト トーマツが購買行動調査を発表 - AdverTimes.（アドタイ） by 宣伝会議,https://news.google.com/rss/articles/CBMiX0FVX3lxTE53QkppdGhiTHJYVG92Qkx3cGRfVVNuSnZqaGhicElvVDVFY1RKMGRtcmdfV1VMN3Iycmp1LWpuUzBoUzI2SE1xeEVRR2Y0RmJmeEtwZTkwdnB2ckptcWhj?oc=5,"Thu, 25 Dec 2025 08:00:00 GMT",2026-02-15T07:57:45+09:00
GoogleNews:Z世代　意識,Z世代　意識,【Z世代のお買い物に関する意識調査】Z世代は「マネパ重視」。FPが解説「夢を叶えるお買い物」の新常識とは？夢を後押しするセール。4人に3人が分割手数料無料の分割あと払いを希望 | Paidy合同会社のプレスリリース - PR TIMES,https://news.google.com/rss/articles/CBMiakFVX3lxTE40aXhBSEt4TG9Bc0E5SDUzckVTcUdPTlNYX2JITXlXa1NISVAxd0twYnRZTWVZQS0yUFlkUWVOLVR0UHZobEpFcXJ1cUVCX1YwZXJWZV82LVBhMFIxZmlhWExiOWNSYWtERHc?oc=5,"Mon, 22 Sep 2025 07:00:00 GMT",2026-02-15T07:57:45+09:00
GoogleNews:Z世代　意識,Z世代　意識,BeRealの魅力は「比較からの解放」。Z世代の50%がリアルな友情の深化を実感、「SNS疲れ」の受け皿に。Z世代のBeRealについての意識調査をZ-SOZOKEN（Z世代創造性研究所）が実施。 - PR TIMES,https://news.google.com/rss/articles/CBMiakFVX3lxTFBZQklLUUFlNTBuRUlUVElPYWdtUWxXXzVrUmxFTURHVjF5ZERmLXdTd0h5M2YyUHp1SC1POFk1Wll3X0JocjlycDNrdUVwNzVBY2RJRW56dThLLTRFbnNQOHJpQUtjS04yYWc?oc=5,"Thu, 13 Nov 2025 08:00:00 GMT",2026-02-15T07:57:45+09:00
GoogleNews:Z世代　意識,Z世代　意識,むしろ、ひとりが楽しい!?Z世代の4割が“ソロ活”経験あり。「ひとり時間の過ごし方」に関する意識調査を実施 - PR TIMES,https://news.google.com/rss/articles/CBMiakFVX3lxTE5qUVhSX25ISTg2a0hEbmZqMk5CWkxOZlNTNUNkc3Q4LV9uOVdVQklLZUVIV3lkQXNpMDEwdVNDTllRbDl3NXhaVzBDLWlIZnE3MzV5TU5td3JKOHc3SDJRVnFCcDVBNTZFZEE?oc=5,"Thu, 30 Oct 2025 07:00:00 GMT",2026-02-15T07:57:45+09:00
GoogleNews:Z世代　意識,Z世代　意識,【世代別防災意識調査 2025】Z世代を襲う“情報災害”リスク リテラシー教育5割超えも、フェイクニュース被害58.4%過去最多 - PR TIMES,https://news.google.com/rss/articles/CBMiakFVX3lxTE1ZUElwRzJOWVlEbWZBd0E3TVRsejE4TjBySnhKTmlnbllVNFc3Q1VObkR4cEVkUTFLUW4zb3d1bVp2bVljcDVLWVBYdWxGenhHYTMyRzVvWHJ6REt3RHdoX2g5QWJwWE44SGc?oc=5,"Fri, 22 Aug 2025 07:00:00 GMT",2026-02-15T07:57:45+09:00
GoogleNews:Z世代　意識,Z世代　意識,『Z世代のSNS毎の使われ方が明らかに！Z世代の意識・SNS購買行動調査レポート』公開 | 株式会社CREAVEのプレスリリース - PR TIMES,https://news.google.com/rss/articles/CBMiakFVX3lxTE90Z0JMcVN1VExXenVXNFFFczRiTURlT0duZzVUNUxLNEJjOF9fRXAwblhQeGJpMjc1RDNPaEhkbFNPMWQ3RHZ1aGM4OU0yVzY2UHZaZDBTVFNjS3ZrcGZnS0ZaMldqenM5c3c?oc=5,"Tue, 22 Jul 2025 07:00:00 GMT",2026-02-15T07:57:45+09:00
GoogleNews:Z世代　意識,Z世代　意識,Z世代のアイドル文化は「パフォーマンス」重視へ。「ビジュアル」7%、「疑似恋愛」5%と旧来の価値観と乖離。Z世代のアイドル文化についての意識調査をZ-SOZOKEN（Z世代創造性研究所）が実施。 - PR TIMES,https://news.google.com/rss/articles/CBMiakFVX3lxTFB5Wm5XQzNndGJDVklrUHpKTDd0ZlNadWNQR1lMdkNfYmJTVVJ0NlhuOUtFdGJaOG9NOFFNSlkzWjk4NW5nSC1fLTdaNzlVY0RlMGd6aVJ3a1hXdVU1QlhOZGFZbmYyU2FJeXc?oc=5,"Fri, 07 Nov 2025 08:00:00 GMT",2026-02-15T07:57:45+09:00
GoogleNews:Z世代　意識,Z世代　意識,8月7日「話す日」にちなみ、JiffcyがZ世代の「電話離れ」に関する意識調査を発表 - PR TIMES,https://news.google.com/rss/articles/CBMiakFVX3lxTE4tdkhCLVJxUXd0Wk43TUZBbEl2OE1mV1VWU0hBRG5mZzhRRnVFMjJiOUZxYW12ME9ZZ1B6NGtjVkxYZmNEb05vUGxuQTJaNUM3Yk5qZ2FlUDRMclpqM1pVWTM4RGs3OWVjRHc?oc=5,"Thu, 07 Aug 2025 07:00:00 GMT",2026-02-15T07:57:45+09:00
GoogleNews:Z世代　意識,Z世代　意識,Z世代は「大学名」「偏差値」より「自分らしさ」を重視!?大学選びに関する意識調査を実施 | 僕と私と株式会社のプレスリリース - PR TIMES,https://news.google.com/rss/articles/CBMiakFVX3lxTE5jZGxEejgzTjJOckY2V1lxQTc3LWxnVFFUc28zaXU5eGYtdDE0alFwcDJHdUVYR0Zyb0ZXN252bFBoMGpDRkJ3YXUtVUo0T1dIVmFzNTVUVzNWZHF1MFN0QlltSUo3eGRBakE?oc=5,"Fri, 29 Aug 2025 07:00:00 GMT",2026-02-15T07:57:45+09:00
GoogleNews:Z世代　意識,Z世代　意識,Z世代の介護職に対する意識調査を発表【ケアワークス】 | シックスワン株式会社のプレスリリース - PR TIMES,https://news.google.com/rss/articles/CBMiakFVX3lxTE9zMHBtLXM5Q1drbWExMjNGSVozSW5abTBXQUlFbjQyZDhFYUNfZFFLQU1IYm5idUpXR3hGdHB0Nm1ZYjNXeldPd0hMM2d3Z00yY3J1OTByaVg0WElPd3RuZXRkLUhheUpNc3c?oc=5,"Thu, 12 Jun 2025 07:00:00 GMT",2026-02-15T07:57:45+09:00
GoogleNews:Z世代　意識,Z世代　意識,【Z世代若手社員の意識調査】Z世代が選ぶ“最高の上司”、1位は困った時の「具体的サポート」。精神論より行動を重視。 - PR TIMES,https://news.google.com/rss/articles/CBMiakFVX3lxTFBibjAzOGFxRjk1dkxDNVZaUTNnOGN5bDNLRXE3SE81WE9GSnl0dVI0THNiaVBWVTJGUGVVcjlXV3g5dHU2VzB1R0VWbkNMZ2dreUw0QXo0TFFLT3VYczJRYmxqeUZPVy1kWlE?oc=5,"Mon, 23 Jun 2025 07:00:00 GMT",2026-02-15T07:57:45+09:00
GoogleNews:Z世代　意識,Z世代　意識,テキスト通話アプリ「Jiffcy」がZ世代の「ハロウィンの過ごし方」に関する意識調査を発表 - PR TIMES,https://news.google.com/rss/articles/CBMiakFVX3lxTE1XWTdna1B2Yy1yQmxnc0h0cGlGZnZEaFFOUlRwZkRYUm12WmVGb0hDUktJMjBZZkQtRWpPSlRQTk9QY0dBY2tBbTY5VWhyZlgtQ2lfaE1hMVZlRW1qUjJFNTVpVUo0M2diU0E?oc=5,"Thu, 30 Oct 2025 07:00:00 GMT",2026-02-15T07:57:45+09:00
GoogleNews:Z世代　意識,Z世代　意識,Z世代の約8割に「ストック消費」が定着。「外食」に関する意識調査を実施 - PR TIMES,https://news.google.com/rss/articles/CBMiakFVX3lxTE8zMHVaTjdHTG4zbFNtdnNhSS1fS2w3VkNYQXMyS3hrVGt2MGIwT2V6bTJORHZsWjlsSWl4TFRhdjJKODJsYkhRT1pRdzRnMzloaTYwcG5UQ3BYQjZCQzBOZV9iTF8zNjdjR2c?oc=5,"Wed, 07 Jan 2026 08:00:00 GMT",2026-02-15T07:57:45+09:00
GoogleNews:Z世代　意識,Z世代　意識,【調査リリース】Z世代における転職に関する意識調査／就職・転職活動中の80.6%が「転職にいいイメージがある」と回答／「3年は仕事を続けるべき」との考えは、7割強が否定的な受け止め - PR TIMES,https://news.google.com/rss/articles/CBMiakFVX3lxTE5tRlJkOVNTNzM4cEZRLXFxaDlDU09ZNm50aDF0UmpkRUMwbnF1UXc3R2M2Y3F2SnhvS1ZRV2dlOTh5V3RCYmlsSFFtalF1cXp6VkRHeE1ZOUUxU3Rxa25TV1N1SV9pSkhaUmc?oc=5,"Fri, 21 Nov 2025 08:00:00 GMT",2026-02-15T07:57:45+09:00
GoogleNews:Z世代　意識,Z世代　意識,敬老の日にちなみ、Jiffcyが「高齢者とZ世代のコミュニケーション」に関する意識調査を発表 - PR TIMES,https://news.google.com/rss/articles/CBMiakFVX3lxTE5XVFNXakRuMDVWNnU5cjAyWEJMUXJNeVRGaEhXTmIyRVdKYU5wZkN1aG5mdjZab0wzRVZ3Z29MQmczb2dfMUsyREwtT1hDSGZyd0N3dUhFa3Q2bVhiaEhXS1p4VDFfd0pXTWc?oc=5,"Mon, 15 Sep 2025 07:00:00 GMT",2026-02-15T07:57:45+09:00
GoogleNews:Z世代　意識,Z世代　意識,Z世代の理想は「個性を尊重しながら助けあう職場」「よいことをほめながら丁寧に指導する上司」 新入社員意識調査2025 - 大学ジャーナルオンライン,https://news.google.com/rss/articles/CBMiRkFVX3lxTE1xZHVrRFNITlRlQ0tyazRhT3NfQmdSSEE4aFUxam90al9zbm1rZ2FpaHdDZTZVMUNNY25rQ1VwWS1aMzZ5cVE?oc=5,"Sat, 28 Jun 2025 07:00:00 GMT",2026-02-15T07:57:45+09:00
GoogleNews:Z世代　意識,Z世代　意識,Z世代の3人に1人が日常的に「ととのう」ことが明らかに。セルフケア「ととのう」について大調査！ - PR TIMES,https://news.google.com/rss/articles/CBMiakFVX3lxTFBrSXdQRlBZRXl1VE53Z1M5Rjd2a2h4dzBmM1lPY0NlSENPMFBNWnJGc1dOZTdtdXNrdkFlc21PMFJpaS01dGdUZWN1MkF0aVRMTU1QWkg2d2t1TEk4SHRPWVY1UHhfV1ZrUFE?oc=5,"Fri, 08 Aug 2025 07:00:00 GMT",2026-02-15T07:57:45+09:00
GoogleNews:Z世代　意識,Z世代　意識,【Z世代の意識調査】成長に繋がるフィードバック、1位は「明確な改善点の提示」。“褒める”だけでは響かないZ世代のリアル。 - PR TIMES,https://news.google.com/rss/articles/CBMiakFVX3lxTE5QOTQ3NmtXQ3VteEdPd21MSnpSTkZINVVZX1Y4ZmhLOGlzZ0RqNVJTTXRhanU1Y2NWeDUwbzhrZ2RhVlVWNDhJVlc3QzF3eURCcm1WdUtWT0lIdVpGTnVWa2ppSHZoSXpqaVE?oc=5,"Wed, 18 Jun 2025 07:00:00 GMT",2026-02-15T07:57:45+09:00
GoogleNews:Z世代　意識,Z世代　意識,Z世代の就労意識調査レポート2025｜転職は社会人の2割が「頻繁に」、4割が「時々」考える ～企業は短期間の離職可能性を前提とした人材マネジメントが不可欠 - アイマガジン,https://news.google.com/rss/articles/CBMiW0FVX3lxTFBBMHVQamVneG94QWRBQjVFM3BITHFvUXZTcXNSQUFjbElZLTNGWkhoQl9QdWlOc0hYYXNJUU9yY09jTUtneThxdkVNOEo4RFVkX2k4UVptcElXWkk?oc=5,"Fri, 06 Jun 2025 07:00:00 GMT",2026-02-15T07:57:45+09:00
GoogleNews:Z世代　意識,Z世代　意識,フリエ住まい総研「Z世代の住まい」に関する意識調査“コスパ・タイパ重視”が住まい選びの新常識 - PR TIMES,https://news.google.com/rss/articles/CBMiakFVX3lxTE1tY2NHQ1p2eTdEc3lDczhxWWtuUG1ocXlmM0VEZ1dncUZQMVVleWlNTnVMSEREQ3cweGNZcUd3ZHNNYkJSMmJaX1FVNU45Qmd5aC1nd0R6MUFicFNJYi14dllwM3ZaQWNtblE?oc=5,"Tue, 05 Aug 2025 07:00:00 GMT",2026-02-15T07:57:45+09:00
GoogleNews:Z世代　意識,Z世代　意識,【ベトナムZ世代に聞く】日本のファーストフードに関する意識調査 - PR TIMES,https://news.google.com/rss/articles/CBMiakFVX3lxTFBDWE9lRGdac185TjZfWlJENHBOSGpGY1l1MnZmdTlhdEtpRjhmNDF5aUxodkRzTUlVbzRSbjN1TzNXZ1BTTktscTZpcGI2V0ZCRm9YSHhOWHc1NnBVMVlBYXN3MmhCUWVOQnc?oc=5,"Fri, 15 Aug 2025 07:00:00 GMT",2026-02-15T07:57:45+09:00
GoogleNews:Z世代　意識,Z世代　意識,【Z世代若手社員の意識調査】理想の社風、4割が「フラットで風通しが良い」と回答し最多。 | 株式会社ペンマークのプレスリリース - PR TIMES,https://news.google.com/rss/articles/CBMiakFVX3lxTE9qb2VqQzlNcm9RdjhKVzNuU3pZUWxjckJ4dHhmM2dfbVRaaWJtc193N1p5QkNKeGlReUFyWGkwbzZrZm5GeDBvYXJ2NXdxb01hVGtxV0VfX3ZMVEQtVVZLNkY0cnVzYi1zbEE?oc=5,"Thu, 26 Jun 2025 07:00:00 GMT",2026-02-15T07:57:45+09:00
GoogleNews:Z世代　意識,Z世代　意識,Z世代・ミレニアルの20%以上が「葬儀は不要」と回答するも、大切な方の葬儀は「小規模に行いたい・希望に合わせたい」が多数派に。 - PR TIMES,https://news.google.com/rss/articles/CBMiakFVX3lxTE1OcEdnWVNBUzRwbFhNcllXVnd2ZmFRWi1lMWxwS2JwWGIxNXAxeW9VUGdxUFQtTFZIR2ZhYUJoVVk3ejh6NWJ2X1h0YkRJZXhCVnowTGtjSlVsdlBhMUVtdjZMM1JqbmYwM1E?oc=5,"Mon, 25 Aug 2025 07:00:00 GMT",2026-02-15T07:57:45+09:00
GoogleNews:Z世代　意識,Z世代　意識,Z-SOZOKEN、Z世代のJiffcyについての意識調査結果を発表！Z世代の約8割が「入力中の文字が見える」機能で感情が伝わると実感 - 株式会社ヴァリューズ,https://news.google.com/rss/articles/CBMiV0FVX3lxTE0wVW1uTmxkV3NNR0gyTFlPMU1md1N2bmt2NFZ1NVVwR192SWRuNGlMMF9kN1JtczVXVUFrTzd0Y0FqcjBmRktRUEVaRkpMbGVVQWlxbGNaaw?oc=5,"Mon, 10 Nov 2025 08:00:00 GMT",2026-02-15T07:57:45+09:00
GoogleNews:Z世代　意識,Z世代　意識,"X世代・Y世代・Z世代の3世代2,050人の働き手を対象にした、仕事での生成AI利用に関する意識調査 - アデコ コーポレートサイト",https://news.google.com/rss/articles/CBMiV0FVX3lxTE01eFhRYmwzNkZPb2VYQmlFXzFnLU5ZZ2VUMml3N3hYR0FYeEN3U2RsSVk5RDVEUjZraEt4QXJyN3VZVHA4V05fZEFqMnNsMkdOemdpaGVHRQ?oc=5,"Thu, 16 Oct 2025 01:19:24 GMT",2026-02-15T07:57:45+09:00
GoogleNews:Z世代　意識,Z世代　意識,Z世代の82.4%が「入力中の文字が見える」機能で感情が伝わると実感。80.3%が「関係が深まる」と回答。Z-SOZOKEN（Z世代創造性研究所）がZ世代のJiffcyについての意識調査を実施。 | Fiom合同会社のプレスリリース - PR TIMES,https://news.google.com/rss/articles/CBMiakFVX3lxTFBRaElKRGFOTDBWVFViUVhDc1FnMjcyRVV4SXFHOWNKS0JuNEphRkZpNm1pYjNEMkszQVBqdGtHT01rVkJlRzNkWUNscTk3c05aZE5FdExvWE1qTzZOYmV3YjhiaDh2eW9WeWc?oc=5,"Wed, 05 Nov 2025 08:00:00 GMT",2026-02-15T07:57:45+09:00
GoogleNews:Z世代　意識,Z世代　意識,【キャリアとつながりに関する意識調査】20〜30代の半数以上がリファラル転職の誘いを経験 - PR TIMES,https://news.google.com/rss/articles/CBMiakFVX3lxTE5ELXQ1SWFicUFGYjBrZnYtSjF1cHNpQXlxOTVKX1gycHFmRmFQQ2toWWdTS1RJU296eFFiSzFneDg5T2JLc0RyRXZtMWNvakc5dDllYk9odXpjSWdlOUY1aDVFa3FvdzhkTnc?oc=5,"Thu, 15 Jan 2026 08:00:00 GMT",2026-02-15T07:57:45+09:00
GoogleNews:Z世代　意識,Z世代　意識,Z世代の健康不安トップは「がん」。イプソス、世代別の意識調査を発表 - TABI LABO,https://news.google.com/rss/articles/CBMiWkFVX3lxTE94RnVremx0OVkzX0dxOERTLXpmN19KTmRKOTNldUZwTEY4MUpRQVA0dmROZEQ2b3N0c1gwMzFKdFh5S1hVVG1HSU5mQTk4d2xfOGFaaE4zVENLdw?oc=5,"Tue, 02 Dec 2025 08:00:00 GMT",2026-02-15T07:57:45+09:00
GoogleNews:Z世代　意識,Z世代　意識,【調査リリース】コロナ禍の2020年との比較による就職・転職活動へのZ世代意識調査／転職を考えている理由のトップは「年収が低い」が激増 - PR TIMES,https://news.google.com/rss/articles/CBMiakFVX3lxTFBYZk1TS2hBQ2NNVDZjSXRNLUNjSHFUMU4zamhjX3VqTXJfRG5nTmk1c2hkLUxHZWNZOVBmNzBNTGYzZ0o2VW8zVHFTZVppMjZsWWpWQVl5dTFqal81OWlfWG45Zm1WWTZ0LXc?oc=5,"Tue, 02 Sep 2025 07:00:00 GMT",2026-02-15T07:57:45+09:00
GoogleNews:Z世代　意識,Z世代　意識,"電通「Z世代就活生 まるわかり調査」""安心重視""の就活事情が明らかに - dentsu.co.jp",https://news.google.com/rss/articles/CBMia0FVX3lxTFBISmRtX01aWlhMcmNYMVhyMml6UU1CamF6UHZyN0ptNXRfUXlYcHN3bnozQjBPS1VWMC1zMkNTUW9talRZQjdSaXBYbmY5UV8xckdNMldaMkFNRGRzZ1NvWk1zZXI2LUE0SXZF?oc=5,"Mon, 28 Apr 2025 07:00:00 GMT",2026-02-15T07:57:45+09:00
GoogleNews:Z世代　意識,Z世代　意識,武庫川女子大学経営学部の学生たちが、Z世代女子のSNS利用や流行、お金の意識などを調査し、傾向をまとめました。 - u-presscenter.jp,https://news.google.com/rss/articles/CBMiVEFVX3lxTE55cXBSdFFsUTBmLXYxeGtsWHRHSkVCcEZoYXNUWnRKRU9aTV9WNUJIeDcycnZ4d0FUNTdubXJ1QmYzb2VacUdFQzFhbHZKQlZtODlCTw?oc=5,"Wed, 21 Jan 2026 04:57:00 GMT",2026-02-15T07:57:45+09:00
GoogleNews:Z世代　意識,Z世代　意識,"X世代・Y世代・Z世代の3世代2,050人の働き手を対象にした、仕事での生成AI利用に関する意識調査 - PR TIMES",https://news.google.com/rss/articles/CBMiakFVX3lxTE41cmVVbUFNbG5GanlmNERTWW85bXlzZUJUQzJ5SjRTTmF5LUxfMmtzWVZGU3UyQzI1ek5jTTROSGNSSXM3czBiRUhDSXJiOWV3RVdkTV9ub2RzSkF4R0NCUTh3MjNFdHFOY1E?oc=5,"Mon, 29 Sep 2025 07:00:00 GMT",2026-02-15T07:57:45+09:00
GoogleNews:Z世代　意識,Z世代　意識,Z世代とY世代、時代の変化を比較 「合理的すぎる若者像」と体験・効率・安心重視の消費行動を紐解く - MarkeZine,https://news.google.com/rss/articles/CBMiWEFVX3lxTE1EaDIxNmNpbnVuaTJ3ZDItUTAzdG42TE1zYlpBcHFXYXZkX1R2d2gxY3V3a2pFY04ycGROVHhObVpraDVLTlVtX21TdWl6VDJhSDMxUWNXZjI?oc=5,"Wed, 10 Dec 2025 08:00:00 GMT",2026-02-15T07:57:45+09:00
GoogleNews:Z世代　意識,Z世代　意識,【Z世代若手社員の意識調査】「上司ガチャ」に外れても、Z世代はすぐ辞めない。初動は「我慢・様子見」が最多。 - PR TIMES,https://news.google.com/rss/articles/CBMiakFVX3lxTE5TWFdod1MwbVZKVXJVODNpQWE0b21OODlhVXh1R0tzUWlVZ3BiQWhwT2xEaHRucDQ3cFlrMTJmSFNiaWVra1dnS25XekMyWjZzZDlYZ0NEWFZsZmtnTlhyRFZNN2ZSWG85VUE?oc=5,"Fri, 20 Jun 2025 07:00:00 GMT",2026-02-15T07:57:45+09:00
GoogleNews:Z世代　意識,Z世代　意識,ライフステージごとに変化するリアルなZ世代の価値観を独自調査した「SNS×広告意識調査レポート」の2025年版を提供開始 - PR TIMES,https://news.google.com/rss/articles/CBMiakFVX3lxTE43dEpBS1I5WkdhTDJqSHVaQUNrajg5b0NGQWdWbElFRUZTQ3luX041ZW5udWo1Wkc3VUtXbXhZQmk3blkxNlVmdTRGWDVZS1lsMTJEVURJTG1TQkFJSzBMaUdiSHpWc181cXc?oc=5,"Wed, 27 Aug 2025 07:00:00 GMT",2026-02-15T07:57:45+09:00
GoogleNews:Z世代　意識,Z世代　意識,忘年会に参加したいZ世代、警戒する上司世代。Job総研が忘年会に関する意識調査を発表 - TABI LABO,https://news.google.com/rss/articles/CBMiYkFVX3lxTE45VVJSaGFRcXprX29XajloRW9mQlEyRW53czB3MEkzWEhhRGtfRS00ejFEdENmVzdJWjJPU3RsWlE5YnI3ckU0anFIZ1RoNTktZTRYdzhaNE1jejdzaWtDMlJ3?oc=5,"Thu, 27 Nov 2025 08:00:00 GMT",2026-02-15T07:57:45+09:00
GoogleNews:Z世代　意識,Z世代　意識,“保険離れ”のZ世代。何をきっかけに入る？「保険選び」に関する意識調査を実施 - PR TIMES,https://news.google.com/rss/articles/CBMiakFVX3lxTE5mRHJHYWpobU8yQ2VUWE04Y1VYcXdkaDJDOTJLd3liek9PVVo4LTZiRkZVZEtGcFRFQ01Ral82UU92dEZhcVhIWFphNGNYS0VxaXF0a0hieV91bzB3YU5UczZZMkJnYWdhYnc?oc=5,"Fri, 12 Sep 2025 07:00:00 GMT",2026-02-15T07:57:45+09:00
GoogleNews:Z世代　意識,Z世代　意識,Z世代の子どものマイカー購入、親の約8割が費用サポート…KINTO調査 - レスポンス（Response.jp）,https://news.google.com/rss/articles/CBMiX0FVX3lxTFBFTWtoeUFSQ21QYlNpdTUxdmVpR2xSSGowRTI3ZktscmhzNW1IUnB5MlFXbmV6ZTJacGttb3BzcG1NZVV6Z1F0S1pmNk0zaDhsbWFlaU50MTQ5UHE5WGg0?oc=5,"Thu, 22 Jan 2026 08:00:00 GMT",2026-02-15T07:57:45+09:00
GoogleNews:Z世代　意識,Z世代　意識,“Z世代は飲み会嫌い”は本当か？ 世代を隔てる“配慮”の存在 - 電通報,https://news.google.com/rss/articles/CBMiS0FVX3lxTE5XdjRnVnU0RlBTaWo5amxPSGVNTnFSb3BNM2RZWklGamVHLXl5Yi1UOE5pc252Z01iU2VuamcxanMzbEJ4T2VHVlp1bw?oc=5,"Fri, 19 Dec 2025 08:00:00 GMT",2026-02-15T07:57:45+09:00
GoogleNews:Z世代　意識,Z世代　意識,誕生日や記念日以外にもZ世代はギフトを贈るのが当たり前？！ギフトに関する意識調査を実施 - PR TIMES,https://news.google.com/rss/articles/CBMiakFVX3lxTE5ud1BQTWtfaVpsZVpZek42TVFMRk1fNUZSOTdlVEIwbklXbHVjSV8zTkZ2LTByWTNrMnV4MHRla1RzVC1wRDlGREtuQ1NBaGo4UG5VMkh6R2Q1N1RhaUdzZDFYVG5LQWtOQnc?oc=5,"Wed, 09 Jul 2025 07:00:00 GMT",2026-02-15T07:57:45+09:00
GoogleNews:Z世代　意識,Z世代　意識,【AI時代の就活】就活最前線・Z世代の意識調査と国別AI活力ランキングから考える未来 - LIMO | くらしとお金の経済メディア,https://news.google.com/rss/articles/CBMiS0FVX3lxTE9fOFVLLTQ2cGxMSEx3WERacTBLOFluWTRqZVVoY0VWZmU0WDVtOHVtYmdYcUJMNGtlRlMtN1Rnby1WcDFEQ0JsbTZlTQ?oc=5,"Sat, 20 Sep 2025 07:00:00 GMT",2026-02-15T07:57:45+09:00
GoogleNews:Z世代　意識,Z世代　意識,KOMEHYO、「リユースの日」に合わせて全国20代～60代の男女約600名へ調査。Z世代(20代)の7割が「リセールバリュー」を意識して購入。“循環消費”スタイルが定着 - PR TIMES,https://news.google.com/rss/articles/CBMiakFVX3lxTE5UXzUwUG03R1BKQmRzQlhTaktidE1nMWQxWjBzMWF2Z0lSczF1cm96U0RmQ0t3UGpLUVNiTWk0RGRkNVZHVzlWYlBUNW1STW5UY0pDd2FQQlJKeEZPRldlMUU1TjZsNVA2S0E?oc=5,"Fri, 08 Aug 2025 07:00:00 GMT",2026-02-15T07:57:45+09:00
GoogleNews:Z世代　意識,Z世代　意識,【Z世代若手社員の意識調査】“働きたくない上司”、1位「高圧的」、2位「感情的」。スキル以前に「人間性」に強いNO。 - PR TIMES,https://news.google.com/rss/articles/CBMiakFVX3lxTE5EaVdiWE5pY2QxZV9MQ2tTTGt0bDJUbDZabEZKOENLbkhfMVNFbFZnX0lZTU5hc2J2a2FEYnJnYjh1djNRdlJsVUJCVzhObXQtYTZCa1AzbEZ2N3JsT1RLeks5RHFHTTdXZlE?oc=5,"Wed, 02 Jul 2025 07:00:00 GMT",2026-02-15T07:57:45+09:00
GoogleNews:Z世代　意識,Z世代　意識,【Ｚ世代意識調査】若手社員の7割が生成AI「活用していない」、今後の活用イメージも「わからない」1位に、レポート全文無料公開 - PR TIMES,https://news.google.com/rss/articles/CBMiakFVX3lxTFBLMFdENUhRWUtZQWtqZVVOT1dNeGM0TWdESHVVTlJxTW1TdWVhUk5QZ1phaEZMM3c1YTdPam9iVEVMeHBlZzBUSW0zbXp2ZEdZMXA4aWx0VVBKeTRqZ2tTOGljTHdlRUFCS1E?oc=5,"Tue, 08 Apr 2025 07:00:00 GMT",2026-02-15T07:57:45+09:00
GoogleNews:Z世代　意識,Z世代　意識,「無関心だからやらない」は誤解 Z世代が“サステナ行動”をためらう「世間の目」とSNS時代の圧力 - TBS NEWS DIG,https://news.google.com/rss/articles/CBMidEFVX3lxTE91Znd3VnViWC1tUDk3bUstX01qQmVGVVdVVndNLWRlWGFQUEp0N05xTE1UTGJ2bEt5ZURyRHpYcXJPNlJSZGRwVG5RWnNMOGZLcGJHY2s3bFRwUG5Dc0U5TmtnbV8xRHFES2FXUWVlc2JEX3Vk?oc=5,"Fri, 05 Sep 2025 07:00:00 GMT",2026-02-15T07:57:45+09:00
GoogleNews:Z世代　意識,Z世代　意識,Z世代は節約しながらも趣味やご褒美には積極消費、デロイト トーマツ調査 - こどもとIT,https://news.google.com/rss/articles/CBMiZEFVX3lxTE1CSzhNcjVLZHZpRTkwRWdHSVdxN2EtY2VIYW5PVVRyaHI0SmVCeGhsSHNHNUw0OC1QWjZnSVhvT1pGWndhYWFaMk5LNDNLTVlnZEV0VzdVc3A3SmhvdnV4cnlBczE?oc=5,"Mon, 01 Dec 2025 08:00:00 GMT",2026-02-15T07:57:45+09:00
GoogleNews:Z世代　意識,Z世代　意識,【Z世代の就業意識調査】副業意欲、学生の7割以上が「してみたい」と回答。 - PR TIMES,https://news.google.com/rss/articles/CBMiakFVX3lxTE5DSlNVSmQ0eXV2NVNnM0UybzRvMFI5VnVMLWZ2QzdCcVJOdXVQNnJSVldHSzRWdTJGOVBseFJjSzZ1RHVTbkpUZ3RWVVZWMUlRUkt0eVNMaTlCaXJsZVFuOU40Mnh0TzMwcnc?oc=5,"Thu, 12 Jun 2025 07:00:00 GMT",2026-02-15T07:57:45+09:00
GoogleNews:Z世代　意識,Z世代　意識,若者の過半数が「美術館に行かない」。Z世代に刺さる展覧会とは？ ──国立アートリサーチセンターが15〜25歳のアートに関する意識調査を実施 - Tokyo Art Beat,https://news.google.com/rss/articles/CBMickFVX3lxTFA5YWRoQnMtSHJlT3Y5RXM0TkNObFVRUG1UcnZSLWN5WmJqRzJtYjJSLXlpWVN5Q19qaEJsX2dMQnk3dE9TYUlrYXFYaDltdHRmc1Z0NnFjR2d1VzlGdjRoLWtsYjNLaTBFcnR4RV9qS3FyZw?oc=5,"Thu, 31 Jul 2025 07:00:00 GMT",2026-02-15T07:57:45+09:00
GoogleNews:Z世代　意識,Z世代　意識,JiffcyがZ世代を対象とした『秋の味覚「サンマ」に関する意識調査』を発表 | 株式会社Jiffcyのプレスリリース - PR TIMES,https://news.google.com/rss/articles/CBMiakFVX3lxTE55YVZsTnYydVJ0Z1ZVLWVkSDl3R1VqbHd1Y1JXclRadDhUSkN1ejB4RFpfU2dZbFhYQ1FmZmlxLUtxYVE1RXliVm9LTFRtX1BQU2Vkc3VBNVpyb09YRUdJSWF4YUpYV20xa1E?oc=5,"Wed, 17 Sep 2025 07:00:00 GMT",2026-02-15T07:57:45+09:00
GoogleNews:Z世代　意識,Z世代　意識,【Z世代の意識調査】上司とのチャット、求めること1位は「質問しやすい雰囲気」で学生・社会人共通。 - PR TIMES,https://news.google.com/rss/articles/CBMiakFVX3lxTE5QOHFIUkNSY3paeFNoNFZTN2ZZa3JDVmVnNWFHR2FVUGw0TDdBZU5zaXpac1dTSlpMbHROWVZubWtDYlhCZHBHMWF1dVRtWWNHdmthdXQ4OXNwdVhUVXJnLWlCMldNR1FTaXc?oc=5,"Tue, 17 Jun 2025 07:00:00 GMT",2026-02-15T07:57:45+09:00
GoogleNews:Z世代　意識,Z世代　意識,Z世代新入社員の特徴と心理的安全性――組織に求められる「助け合い」と共創の環境 ｜ 経営プロ - 「ヒト」から経営を考える - HRプロ,https://news.google.com/rss/articles/CBMiXEFVX3lxTE5TUkVOY0I4NjhPdm00UGpfbkVDMzI0bEdBdGtjWEg5SExuMmhNWllhWW5oZW15U2FhSkFhdGh4N05Ob05Qc2hfREIwRXFNLXprbnlGSmVyOE91a3hY?oc=5,"Fri, 27 Jun 2025 07:00:00 GMT",2026-02-15T07:57:45+09:00
GoogleNews:シニア　意識,シニア　意識,【シニアの意識調査】シニアの7割がSNS利用―“LINE中心”で生活に定着― - PR TIMES,https://news.google.com/rss/articles/CBMiakFVX3lxTE14UlVYMURsbFJxZDMydXhtd1Nib0hGVEZKbENjMko1VHVxMTAtOHN2ODI2YmtyNjhxdENSR2REQUkybzVQdDg4LVZ3a1JLamY0TVFFTWUtTmNsZGVDOHBLQlhFRV9Ud0p5ZVE?oc=5,"Wed, 04 Feb 2026 03:30:01 GMT",2026-02-15T07:57:48+09:00
GoogleNews:シニア　意識,シニア　意識,【シニアの意識調査】シニア層のハウスクリーニングに関する実態調査レポート：マピオンニュース - マピオン,https://news.google.com/rss/articles/CBMib0FVX3lxTFBBOVJ3VkZZLUt4Y1luSE90U1Y0LXlKWlpqckpPYlhoNkVOXzU3R0ZJOXhaSkVNZmZHb0JNTkRTM253dDNRUkt5dHVxVDBRb1FuQUJvQkRQS1F1Q2xLYlhhUVBpS254X0g3S2xqc01fMA?oc=5,"Thu, 12 Feb 2026 22:10:00 GMT",2026-02-15T07:57:48+09:00
GoogleNews:シニア　意識,シニア　意識,電通シニアラボ、「令和シニア・プレシニアの生き方調査」を実施 - dentsu.co.jp,https://news.google.com/rss/articles/CBMia0FVX3lxTE9zMzdjLVhOSVVxRTM5bGV3N2J2U24yeXBIdVlhSG9nM2JLQlgwUnVlcDRLckx1TlVQSm13OWItd1FVWXlqaDBBcUpsTUlPUjhEUGdoYnlua2hKZkpvSExIRVZtWVRLOHFQNnNj?oc=5,"Wed, 24 Sep 2025 07:00:00 GMT",2026-02-15T07:57:48+09:00
GoogleNews:シニア　意識,シニア　意識,ヤオコー福生牛浜店がオープン！ミドルシニア層を意識し鮮魚を強化 - ダイヤモンド・チェーンストアオンライン,https://news.google.com/rss/articles/CBMiYEFVX3lxTE1Wc2dHVzBsVWpaVmxWbWY5cTZsWmdSVmtzVnJNYTZobDYzRXgyYjlzbU41Q1ktN1BiUkNjWVhaeVdJQzRZa2hPZzFTeHhsS1FDTHZrcTJnUDdoOTNQb1BLNw?oc=5,"Mon, 26 Jan 2026 20:02:38 GMT",2026-02-15T07:57:48+09:00
GoogleNews:シニア　意識,シニア　意識,ソニー生命保険、｢シニアの生活意識調査 2025｣_現在の楽しみ編｜外食トピックス｜業界情報｜繁盛店の扉 - サッポロビール,https://news.google.com/rss/articles/CBMibEFVX3lxTFBGZDgtOVJXYkpHMlNrTHB0dWF4WTliUXZmeW1YbENsUTFNVW5lQjhCdVZDN3NFVno5NE80UzdoZnlEOEt6VFNUMDF3QTVFa2FKZkhRUG0wTGZmQkFtdmh0Ukg3V084Y2cwRUNRVg?oc=5,"Fri, 23 Jan 2026 04:58:57 GMT",2026-02-15T07:57:48+09:00
GoogleNews:シニア　意識,シニア　意識,【シニアの意識調査】シニアの心を動かすものは？――文化活動が生む、感動・刺激・つながり - PR TIMES,https://news.google.com/rss/articles/CBMiakFVX3lxTFBHa19jYUw1SUZMbW9mYm5EWnNlMHNBZ2xQdEJyV25zRHROTXAwaUdyUk9PNmxJMUNrZHJOSzl5YmNHdFo1dW4zeHF6cXFfR0x4S2xkWjdPTnFrSHNscVl5UDk2QUJuVWJTV1E?oc=5,"Wed, 28 Jan 2026 08:00:00 GMT",2026-02-15T07:57:48+09:00
GoogleNews:シニア　意識,シニア　意識,【シニアの意識調査】シニア層のハウスクリーニングに関する実態調査レポート：マピオンニュースの注目トピック - マピオン,https://news.google.com/rss/articles/CBMiakFVX3lxTE5DeTlLS28zci00bUZWSzVQTjB5TXh6SllKWnE1NWQ2aC14X1RBaVNBejdyeUo2YmNNbnpGRnB0S0lEcTZLRlZraWhBMl85WFZWd1RhYXQtcmpCS0pjdV9PT09rQW1UNVllY0E?oc=5,"Thu, 12 Feb 2026 15:45:00 GMT",2026-02-15T07:57:48+09:00
GoogleNews:シニア　意識,シニア　意識,【シニアの意識調査】2026年の決意──「今年こそ健康に！」でも、約8割がまだ未定 | コスモヘルス株式会社のプレスリリース - PR TIMES,https://news.google.com/rss/articles/CBMiakFVX3lxTE0zbk9sODRJOUJUbFZEUVN6cmFwX3QyalNxUkNBM0ZJTkJ4Nnk1eE9nWGQtNWFmSmxDRDVRUUhxSXlUNldPTVR4Z09FX3YyYXVUQ1hIWE5qamJ0anZObnZSRE1XRWF2b3h0dXc?oc=5,"Wed, 21 Jan 2026 08:00:00 GMT",2026-02-15T07:57:48+09:00
GoogleNews:シニア　意識,シニア　意識,【シニアの意識調査】定年後も働くシニアが約4割！就業スタイルは多様化の時代へ | コスモヘルス株式会社のプレスリリース - PR TIMES,https://news.google.com/rss/articles/CBMiakFVX3lxTE5LcURrdklaYklJUHRCajYyRFNOVXo3M25Ibzc4RURiQWJFaGlyNmlTNkNJc1Y4eXZoTjlBZ0MwRlFzc3plLU1MWHpQelVlYl93bm1SMVZGcFh6bW1xTlRuMDVaRTZZVmw5RWc?oc=5,"Fri, 24 Oct 2025 07:00:00 GMT",2026-02-15T07:57:48+09:00
GoogleNews:シニア　意識,シニア　意識,シニアの生活意識調査2025 - PR TIMES,https://news.google.com/rss/articles/CBMiakFVX3lxTFB1WURlNW1aS2Zmcm4ycE5MTDVITUlWSkhOSXFrTnJGNUY2Zk80Q2ZyNFlsYm1PTmhqS0VERE54ZnM2Zjl1Y0g5RUVsX3VnT2ljT0ZteGIySTFrVkNycEY5OEVJNWdZQkZPNmc?oc=5,"Thu, 20 Nov 2025 08:00:00 GMT",2026-02-15T07:57:48+09:00
GoogleNews:シニア　意識,シニア　意識,【シニアの意識調査】人生100年時代の歯のメンテナンス～定期ケア習慣の二極化が浮き彫りに～ - PR TIMES,https://news.google.com/rss/articles/CBMiakFVX3lxTFA2djRTSVlXUzNhOVotUHJwNG9Dd01URURSNUtERlI0Sm5HdXNnMDVlSFRDTm9QV2VjRUc3WS05Yl9mSXVvV1NpdTRyWjNuRDdfdXZhNmdMcHZ1aHpMUy1UWnR1cTlEd0l5bVE?oc=5,"Fri, 31 Oct 2025 07:00:00 GMT",2026-02-15T07:57:48+09:00
GoogleNews:シニア　意識,シニア　意識,【11月23日は勤労感謝の日】シニアの「仕事とお金」に関する意識調査〜 60%が現役就労。なぜシニアは今も働くのか？シニアの働く価値観とは〜 - PR TIMES,https://news.google.com/rss/articles/CBMiakFVX3lxTE5HOU9GbllPLU43U0lnQjdQdVBsWGNMWEZhR3ZyZUl6TGhmRWt5NEhzb0FlRl8tNlY2cmZNaE0zR0VYdEEzc3F0M2F0YWY2c2YzZlNNa3huLWp5dnM0R2F3U3hZYVEtVkdLMlE?oc=5,"Sun, 23 Nov 2025 08:00:00 GMT",2026-02-15T07:57:48+09:00
GoogleNews:シニア　意識,シニア　意識,【シニアの意識調査】シニア層が今後お金をかけたい分野は？ | コスモヘルス株式会社のプレスリリース - PR TIMES,https://news.google.com/rss/articles/CBMiakFVX3lxTFAyT2RhX2lxM3FhYkNMdElsZEp5Mm0wLTJaWHBaMzVNOFV2elpXM1ZzV3p1ZmpYV2RNWGpDSzNrZ056eDAzdk4tUG90dDRfNUxIWGI2aWFvM2l0SjZlQk1WcHlRbnFzVS1FYlE?oc=5,"Mon, 05 Jan 2026 08:00:00 GMT",2026-02-15T07:57:48+09:00
GoogleNews:シニア　意識,シニア　意識,【シニアの意識調査】シニアの4人に3人が不安。調査で見えた、次世代防犯ニーズとは - PR TIMES,https://news.google.com/rss/articles/CBMiakFVX3lxTFAyalo3UmFtTUZrWmFzUW9hNTdWRDJEci1IOHJyZEJPT2JCZ2hMbTNxOWhNMlVnMk1TLTIwRHNFR1lxZFpKRVQxUGswMVNDVW9pRHl1QjViQW5zZWhuYUd4TDloSlVBc0ZzSGc?oc=5,"Wed, 14 Jan 2026 08:00:00 GMT",2026-02-15T07:57:48+09:00
GoogleNews:シニア　意識,シニア　意識,【シニアの意識調査】74%が栄養バランスを最優先――食の価値観に見る“新しいシニア像” - PR TIMES,https://news.google.com/rss/articles/CBMiakFVX3lxTE9xMmEybkdKbUJtWXJNczFqVjk1c2YyRUlaNDg3dW96UjA0ZGM4YmZaYXM4WUlSRkxhNV9HUVBqLXVPeWdHLVFhV3N3OGwtanc0YWhCQ3VSMlFlczc2V24yRGdQVkh2Q2N3Q2c?oc=5,"Fri, 14 Nov 2025 08:00:00 GMT",2026-02-15T07:57:48+09:00
GoogleNews:シニア　意識,シニア　意識,"【意識調査】働くシニア世代の本音、""人生100年時代""に「どんより」印象7割超え、レポート全文無料公開 - PR TIMES",https://news.google.com/rss/articles/CBMiakFVX3lxTE1uVzZqaHZfVDNEVUU5Skg0eEFQeU5DWl9mTVdJcTA4YnBROU5ZS3ZYcmRzcGZlTFQ2d09RVzU5cDFjc0N6Y1hrSVNoaGFINE5HZmt5S3R1c09YcEx1TkxNTFJnUGZZR0lYR0E?oc=5,"Wed, 24 Dec 2025 08:00:00 GMT",2026-02-15T07:57:48+09:00
GoogleNews:シニア　意識,シニア　意識,山田養蜂場 「シニアの健康意識調査2025」 実施～コロナ明けで健康習慣は改善傾向も、認知機能への新たな不安要素も - PR TIMES,https://news.google.com/rss/articles/CBMiakFVX3lxTE90RnhYTk1WZDV6Q3Z1MlRsUmVSMlJWcEZ1cEUtRUd3d0hwdHNaTE9YOTg4WFBHSFFVT0FYU2FaM20xY1NSVW9ndm94UW4wNTMxR21QUEhtY1p1MWV1N1VEczBWaW9kSGtYcVE?oc=5,"Sat, 13 Sep 2025 07:00:00 GMT",2026-02-15T07:57:48+09:00
GoogleNews:シニア　意識,シニア　意識,「アクティブシニアの買物意識と行動 2025」を発行 | 株式会社プラネットのプレスリリース - PR TIMES,https://news.google.com/rss/articles/CBMiakFVX3lxTE80dlBvM01qckNabXRlRjIwYWdPRkZ2ZXRGT3hJY3Fiam9hU1hXdmpvOWtNZThHM0JXVlQtQWdPYnNsZFVZQXZEMFFBSmRnTjNldEdBbVVkRkQ5ME5ZYlZ6UktoM3pHTWtpOHc?oc=5,"Thu, 09 Oct 2025 07:00:00 GMT",2026-02-15T07:57:48+09:00
GoogleNews:シニア　意識,シニア　意識,【デジタルデバイスに関する意識・実態調査2025】シニア女性のスマホ利用率98.9％。ネットショッピング・ポイ活・AI検索が加速。 - PR TIMES,https://news.google.com/rss/articles/CBMiakFVX3lxTE0tb1VSYzlLQlNkeFFoZkEyVmFhbkw5Ul9tTE8zS1NXRkFpenIxZUVkWkVsOUZlcFplSnV5LUNFUzl4UmdiMjhTaTFNekxYcF84bDlrcG1UeENJYWRPMk9sRGZtTGhqTWpla0E?oc=5,"Wed, 26 Nov 2025 08:00:00 GMT",2026-02-15T07:57:48+09:00
GoogleNews:シニア　意識,シニア　意識,シニアの健康管理、意識が高くても5割弱が挫折する「継続の壁」を突破する方法とは？ - PR TIMES,https://news.google.com/rss/articles/CBMiakFVX3lxTE5xbWM0V1JwZWRwMFBrUkg1aTZvM1pnYkFwRUR5ZjRvNnJsaVJnUDVZd3ZoTEFod0tCWHdqb2JvM0V5VVZmbDlObVRJMmdnbW1zS2tRS2FJUkRBR0lOTGJHRkZ2aTF5RWRpUlE?oc=5,"Fri, 28 Nov 2025 08:00:00 GMT",2026-02-15T07:57:48+09:00
GoogleNews:シニア　意識,シニア　意識,「転職経験のあるミドルシニア世代の転職に関する意識調査」結果概要 - 共同通信PRワイヤー,https://news.google.com/rss/articles/CBMiW0FVX3lxTE04MG00QzlyOFpsVktZMVFQNXhYcUpHWmNPNWlvZnlqbnNHdTNkOC1WWFhqbzNjUDkxU2Nnd3BEU25sZG5XUXpiaENNZmRsV0MxUlFOSzBMMnZKZlk?oc=5,"Mon, 15 Dec 2025 08:00:00 GMT",2026-02-15T07:57:48+09:00
GoogleNews:シニア　意識,シニア　意識,【7月29日は生前整理の日】「終活」に関する意識・行動調査〜900名の調査で分かった終活を始める”きっかけ”やその”背景”とは - PR TIMES,https://news.google.com/rss/articles/CBMiakFVX3lxTE1QUERBc2diNmdFLWFjdS1WNnlJREMxbXMzVkJ1NUxVeS1ISjhmNktZNmFOYVJaTkpXT2ZZaG1mdnRST0JUczZWem1LLTVLdmZHZEdHWUxCUVhqU3lueUJsb0h2SzVHZE4tX1E?oc=5,"Tue, 29 Jul 2025 07:00:00 GMT",2026-02-15T07:57:48+09:00
GoogleNews:シニア　意識,シニア　意識,【9月15日は敬老の日】シニア世代の「収入と支出」に関する意識・行動調査〜高額出費1位は意外な〇〇、9割が直近1ヶ月以内にキャッシュレス決済を利用 - PR TIMES,https://news.google.com/rss/articles/CBMiakFVX3lxTE5LU0NMa0gwN245eTNTcFN4ckkxNUJqZDdCN2VhZjRhZVFmTUJjcW5MNTdLVEp0bXVOZXBwZUdydlQtY0ZhUWlRc2VxLWVrOFRIQUhnSFFva1RwY2NDcnpSbUg4czhVeU5POUE?oc=5,"Fri, 12 Sep 2025 07:00:00 GMT",2026-02-15T07:57:48+09:00
GoogleNews:シニア　意識,シニア　意識,転職サービス「doda」、ミドルシニアの転職意識調査レポートを発表 - PR TIMES,https://news.google.com/rss/articles/CBMiakFVX3lxTFBsOVZpQThHaFpyOThjV0NxbUNlc014cmhwSU9CQmR4ckdVQzBOVFpaZy11RFQ5Ylg0bW9Gb05WUzFrYm9VZUNlMmFwRm95UmFEYmxDSTM1R0ZIcVM1d3ZXaG82ajlIX0dISVE?oc=5,"Tue, 24 Jun 2025 07:00:00 GMT",2026-02-15T07:57:48+09:00
GoogleNews:シニア　意識,シニア　意識,【食に関する意識・実態調査2025】物価高が続くなか、シニア世代は暮らしに合った工夫で価格高騰に対応 - PR TIMES,https://news.google.com/rss/articles/CBMiakFVX3lxTE9wTWpOd2YyVURyRXRObmpPOUNSY05sVGtobjJjaXRmTUpJbWgxYnZRZF9Na1dkSERZRXlYdGRlZjVLTjBYUGw3WVUwUjJPX3FLRG5RQ3JMWkQ5NWU3YWx6MkV2akhpaENqUmc?oc=5,"Wed, 04 Jun 2025 07:00:00 GMT",2026-02-15T07:57:48+09:00
GoogleNews:シニア　意識,シニア　意識,【10月17日は貯蓄の日】シニアの「投資・資産運用」に関する意識調査〜 53.4%が「貯蓄」から「運用」へ。若年層との比較でみるシニア層の投資・資産運用の実態とは〜 - PR TIMES,https://news.google.com/rss/articles/CBMiakFVX3lxTFBMVTRlbU1YV1d6SHEwbW14MnRWTGpycnpsbHpVYjhJMHNaS1hDX3BoNE1OX2R5T1lqV0wxdllfamM3UzZESnhOYTg1aVR6S2RPQnVWd1dGcTZxNS0xX0dyVHpmeE1OcG52ZHc?oc=5,"Fri, 17 Oct 2025 07:00:00 GMT",2026-02-15T07:57:48+09:00
GoogleNews:シニア　意識,シニア　意識,コロナ禍を経て、シニア層の健康意識・行動が大きく改善 NTTドコモ「からだデータ白書2025」公開 50〜60代の歩数は5年で約20％増加し、フレイル予防にも - PR TIMES,https://news.google.com/rss/articles/CBMiakFVX3lxTE5MWWFvMXZIWE1VNFZvYU56T3dOZm1oUGFQNDVBSFpibElwZ19MQTBYRUw2ZmVncjRkMW51TXF3SHdsSWNobkpMdlVRTzdBVE1qM0xCWXdoOHhRcEd1cjJIOF9TTjdqYTFpSkE?oc=5,"Wed, 24 Dec 2025 08:00:00 GMT",2026-02-15T07:57:48+09:00
GoogleNews:シニア　意識,シニア　意識,家族に頼らず、自分で選ぶ。 変わり始めた、シニアの住意識 - Biz Life Style,https://news.google.com/rss/articles/CBMia0FVX3lxTE5kUExSWld6UHlHeTNJR0xPRFdDWnA0ZTg5UGRhMUxyOUZBTG91eTlHVGxqc1dVQTF3RnRnYjAtVklCTzJqdVVDTjkzek5GR3FIQmpIWWZsVUdkajhZWHJ2eXNmZ2dDeGt2WlQw?oc=5,"Mon, 10 Nov 2025 08:00:00 GMT",2026-02-15T07:57:48+09:00
GoogleNews:シニア　意識,シニア　意識,ソニー生命保険が「シニアの生活意識調査」を発表、シニアの楽しみトップは「旅行」で月平均3.4万円の出費 - コマースピック,https://news.google.com/rss/articles/CBMiVkFVX3lxTE9vVk9fWWxpbVc0eXdHV01pUlFOZUUwbDZjVzZpVjFlNDBmVjFlcEVwSXhsaHc4Ry1sNno2czM0b2ZNeXNlQWdaU0t5aWxOckZPQmJ6UU5B?oc=5,"Fri, 21 Nov 2025 08:00:00 GMT",2026-02-15T07:57:48+09:00
GoogleNews:シニア　意識,シニア　意識,「ミドルシニア世代のセカンドキャリアに関する意識調査」結果概要 - 共同通信PRワイヤー,https://news.google.com/rss/articles/CBMiW0FVX3lxTE5mRDdFVTZSaHdkYnhJNVRONDFXWFRXcXNRaERBeUphUmpTSGRHT20tMXRKei1LYmZoSkxaM2FCZlVRUU1yZHAyVWtaVEQ0SHRxTU5oN0trX1VBVEk?oc=5,"Tue, 02 Sep 2025 07:00:00 GMT",2026-02-15T07:57:48+09:00
GoogleNews:シニア　意識,シニア　意識,【8月31日は空き家整理の日】シニア世代の「住まい」に関する意識調査 〜 半数以上が「空き家」ではなく「資産」と認知 地域差で異なる関心の実態 〜 - PR TIMES,https://news.google.com/rss/articles/CBMiakFVX3lxTE9UMVptb3BoX3Mxa2lJdE5SZnRiSlFta3loVkp2YjFXNmZMcVZMQmJjTEU3ZmJLUFR3d0N5MW5sOU9UQ0taU0JmNmVXZ1J5TDB1eGVrcXhxTDFqdm5QTlQ3cE5sYTBzTGlVQ1E?oc=5,"Fri, 29 Aug 2025 07:00:00 GMT",2026-02-15T07:57:48+09:00
GoogleNews:シニア　意識,シニア　意識,シニア・ミドルシニア世代×電子コミックの距離感をひもとく意識調査｜ニュースリリース - NTTソルマーレ株式会社,https://news.google.com/rss/articles/CBMiXkFVX3lxTE9Ib251Vm9GcXpCX0NQNG5zZDgzdTVQcnJsU2t5R21pUjd2ZHNVeXB2R1VoWVVYRWJXOWZXMmVMODNCWkU3S0RuN3B0UHJHdWd3dkZuWlo2aHJNRjRXY1E?oc=5,"Wed, 01 Oct 2025 07:00:00 GMT",2026-02-15T07:57:48+09:00
GoogleNews:シニア　意識,シニア　意識,シニア世代の意識調査「現在の楽しみ、1位は旅行」「生まれ変わっても今の夫と結婚したい」女性60％、男性71％と男女差も - 介護ポストセブン,https://news.google.com/rss/articles/CBMiSkFVX3lxTE1FejZXR2RBRENsbmtvX18xWjNMSEVxUWpDSFE4V1MxS1NMTlBMb3RuWWlwNFBUSHJ5cnpmaFdfWHc1dXdhQko5d1N3?oc=5,"Fri, 16 Jan 2026 08:00:00 GMT",2026-02-15T07:57:48+09:00
GoogleNews:シニア　意識,シニア　意識,【意識調査2025】シニア層の消費意識の本音と実態調査レポート - PR TIMES,https://news.google.com/rss/articles/CBMiakFVX3lxTE5CcHpmdG9VRUFIMjZ5TUx2UVVESm0wWHo3UnhJU1hBMDVVY1RELWtGSDVCVHNvSDd6MkI5dmtxM3FIQlNfS0VEUWZIWTR3TlRCcFlmdDZtY09nWWIyQzZ6WkxlSkItT3pSTnc?oc=5,"Fri, 28 Mar 2025 07:00:00 GMT",2026-02-15T07:57:48+09:00
GoogleNews:シニア　意識,シニア　意識,【贈り物に関する意識・実態調査 2025】贈り物の機会は全体的に減少、特にお中元・お歳暮は2017年から18.1%減「贈り物のカジュアル化」の中、デジタルギフトがシニアにも徐々に浸透 - PR TIMES,https://news.google.com/rss/articles/CBMiakFVX3lxTE1SdlFzUTZ5VmlvSWJSMDladnVzWEE1dHVmMjJBS3dhZlhzUWxUMzRrOVJRam1IM1ZqQU00eWhMRDZzM2Z1RnhwNUk4cUZESjZ2bU5RMXVKcmJrcTh6Z1ZNZ0dFN1hYTEFhOWc?oc=5,"Wed, 10 Dec 2025 08:00:00 GMT",2026-02-15T07:57:48+09:00
GoogleNews:シニア　意識,シニア　意識,セカンドキャリア、迷っているのはあなただけじゃない！意識調査で見えた現実 - マイナビミドルシニア,https://news.google.com/rss/articles/CBMiXEFVX3lxTE1IODNCOWF1SWlnVlY2UGJYdnpXbmZNU0p1WkdiaXFNYmJtajJfcmtzdEZlcWlTY2lId1ZjTEJta3NKVVNwdFBYclp3ZWpEMkczeFBEYktQRlhIWkdh?oc=5,"Wed, 12 Nov 2025 08:00:00 GMT",2026-02-15T07:57:48+09:00
GoogleNews:シニア　意識,シニア　意識,「高齢者」は何歳からが正解？定義や制度ごとの違い＆国民の意識のズレ - ハートページナビ,https://news.google.com/rss/articles/CBMiYEFVX3lxTE81V2JZdGY5aVZ6My1KMjFiM3FCb0lMMUxKd0pMeVZKR3c2ZFN3UXVIbmdkVmo5cmR3VWo0WkNad0d4d05Tcm13bVR4dmdoZDAyY2dmUVdMUzB4ZGpFbGVlcw?oc=5,"Tue, 18 Nov 2025 08:00:00 GMT",2026-02-15T07:57:48+09:00
GoogleNews:シニア　意識,シニア　意識,シニア女性の消費意識調査 ご褒美消費＋タイパ重視傾向が高まる結果に／ハルメク 生きかた上手研究所調査 - ECzine（イーシージン）,https://news.google.com/rss/articles/CBMiS0FVX3lxTE0xRFNzaGFLRjFWYkktdlZPZG5HTVFPSTJWNElXVWl3TFdXczFrWUhyT1AyNU9NWWF5Y0hwemNHOExvTWxQb3A1dzhzbw?oc=5,"Mon, 13 Oct 2025 23:55:30 GMT",2026-02-15T07:57:48+09:00
GoogleNews:シニア　意識,シニア　意識,【シニアの生活意識】「ゆとりがある」と回答したのはわずか4％ほど【70歳代】貯蓄の平均・中央値はいくら？（LIMO） - Yahoo!ニュース,https://news.google.com/rss/articles/CBMif0FVX3lxTE0xcnN4MTB1NDNORU9xMjFRWlV4MVBaRHoyQXpONkVJTWdZYThGQVV5d0JER0RnamtjT181UUczODJZcE9Fd0lZMW15X3kxUTNJRkVBendVY0FvMHNnOTlnQnRZQ1czNXRTLXJOQTlHMV9qSzRrdUw2dDlqYVBxb0U?oc=5,"Fri, 07 Nov 2025 08:00:00 GMT",2026-02-15T07:57:48+09:00
GoogleNews:シニア　意識,シニア　意識,高齢者ビジネスを発想できる記事46選、政策・注目市場・シニア女性の意識や課題 - ウーマンズラボ,https://news.google.com/rss/articles/CBMiT0FVX3lxTE1Ja2twVFRQQmh1NXZodkVKeElCYUJya2xiQWc2eHJJS2U0MEM2QWF2VXBhcmlVcThscjIwQmNXQUc3UC1JaTVhTmRKTXRjcXM?oc=5,"Tue, 11 Nov 2025 08:00:00 GMT",2026-02-15T07:57:48+09:00
GoogleNews:シニア　意識,シニア　意識,【高齢者の生活意識】55.8%が「大変苦しい・やや苦しい」と回答《70歳代》「貯蓄額の平均・中央値」はいくら？（LIMO） - Yahoo!ニュース,https://news.google.com/rss/articles/CBMif0FVX3lxTFBldVhNNGo3MmtBTVZWSWpRY1VZQnJ3SU1yYnljazdsM2lyZEQydDFPMnVPQ0hsek1MMlpnZkx0S1h6UHVBR1NMcXdOVWt6dlMtbmtQbkRZN0lvSnNNNFFMOVdNV2VlcEhGQzRvOFVZN2ZkNFVncTJRUEVVOC15MjA?oc=5,"Wed, 08 Oct 2025 07:00:00 GMT",2026-02-15T07:57:48+09:00
GoogleNews:シニア　意識,シニア　意識,いよいよ連休！ミドル・シニア世代の“お出かけ”への意欲・意識の実態を調査 - 共同通信PRワイヤー,https://news.google.com/rss/articles/CBMiW0FVX3lxTE1Id1M2ZV9fbHRFcFpoNGdLZEpPUmhNa3lRbEdNNG1fblZLUzFNWFBZMjU5MktlQ09EVFhDQkJJS3gxU0NwUG40Z2J2S1YtbE5MRHhLU1lvdk9Zalk?oc=5,"Fri, 25 Apr 2025 07:00:00 GMT",2026-02-15T07:57:48+09:00
GoogleNews:シニア　意識,シニア　意識,ボルボが提唱する、シニアドライバーが意識すべき安全運転のためのポイント10！ ～ ボルボ・カー・ジャパン、高齢ドライバーの安全運転に関するメディア向けセミナー開催 - Motor-Fan[モーターファン],https://news.google.com/rss/articles/CBMiTkFVX3lxTFA1VGhyb1FndThnMmRQUVUydlFYU1JvaktsOWJwTVE0ZVpkZGlhSmJwU3FlQXhpMFF4dUhTZUc3ZTVnRDZmem1EWWdtN3Fidw?oc=5,"Sat, 13 Dec 2025 08:00:00 GMT",2026-02-15T07:57:48+09:00
GoogleNews:シニア　意識,シニア　意識,【シニア最新調査】防災意識はあるのに備蓄不足？行動変容が求められる防災対策 - PR TIMES,https://news.google.com/rss/articles/CBMiakFVX3lxTFA2N1AyYVFqTTRWemo2M1YyOW5LcUhQVXpWUWdWOWtkSmY4QU1mNHlOZkg5dTBYdm5WOHVjUEtYbFZHRW9fZGRKTDlISG5DaE41LW1sODIxOVdMdzBrSDloVE00T3hDeEhwckE?oc=5,"Thu, 08 May 2025 07:00:00 GMT",2026-02-15T07:57:48+09:00
GoogleNews:シニア　意識,シニア　意識,【シニア女性と孫の関係に関する意識と実態調査2025】孫とのコミュニケーションは「直接会う」以外は減少傾向 一方で、“孫消費”の平均金額は年間約18万円と2023年と比較し3.7万円増加している - PR TIMES,https://news.google.com/rss/articles/CBMiakFVX3lxTE85THVFSTFjQnJ0VlUtbjh6U3FxTEt5WVVMTk0yWmNObXFoRDBaY0dWN2ZxMDVqWVZjc0E1SkdzRHBONmQxc3pCc1BIR0hOSzFjVGpJWGI4ODhJMllLY2VwUFRXTUNLSWlyTlE?oc=5,"Wed, 14 May 2025 07:00:00 GMT",2026-02-15T07:57:48+09:00
GoogleNews:シニア　意識,シニア　意識,うぇるねすで働く65歳以上の 『はたらくシニア約1000人』 に聞いた 「敬老の日」と「シニアのワークスタイル」意識調査 - newscast.jp,https://news.google.com/rss/articles/CBMiT0FVX3lxTE5KdHBHQkFkdjRreXdOM3ktdW9VQ25peU1US1NqWjZxVXNaTld5MUVQOUtRQWlDT0x2eVZ0WnlwckZ4Q0JwYU5Wa091NE5aeDA?oc=5,"Mon, 15 Sep 2025 07:00:00 GMT",2026-02-15T07:57:48+09:00
GoogleNews:シニア　意識,シニア　意識,認知機能への不安は60代以上で減少の一方、40代で増加 山田養蜂場が「シニアの健康意識調査2025」を実施 - OVO [オーヴォ],https://news.google.com/rss/articles/CBMiVkFVX3lxTE9CdmNsaUctRmV2LWhfSnF6elVOaFZ6Y09XN2hQRXBEeFVMQ1hvd1VQY1h3anQ1amdYbXM0Q3dtT2hRb3lrSUsyWVg0ckpIU1ZYUVVUZy1B?oc=5,"Tue, 16 Sep 2025 07:00:00 GMT",2026-02-15T07:57:48+09:00
GoogleNews:シニア　意識,シニア　意識,【シニアの意識調査】シニア層のハウスクリーニングに関する実態調査レポート - tv-tokyo.co.jp,https://news.google.com/rss/articles/CBMia0FVX3lxTE5MaHRzTzJ5YjlnNkNUVkFXQko2azZjeFJSRXplNm9LYXd5Z1d1dHVmd1F3bTdkOWVUWlpoZDRnYjZPQy1vWlA2WVVoc0FQY1BodUJDUjgtbTlQWVlJZHpGc1l2N3lKQVBad1V3?oc=5,"Wed, 30 Apr 2025 04:21:36 GMT",2026-02-15T07:57:48+09:00
GoogleNews:シニア　意識,シニア　意識,【シニアの意識調査】シニアの心を動かすものは？――文化活動が生む、感動・刺激・つながり (2026年1月28日掲載) - ライブドアニュース,https://news.google.com/rss/articles/CBMiYkFVX3lxTE5IaWk4dDltbkY2dHF5dmFHVGZpQkV1UlFQVWl0RDZiSkZYeGtJTDNfalNVemZYMW1SZnp2eEgtT1lrTDJOM1VGQnNlcWJteDFvOU51RldLN2VWeUZXWTlscXF3?oc=5,"Wed, 28 Jan 2026 08:00:00 GMT",2026-02-15T07:57:48+09:00
GoogleNews:シニア　意識,シニア　意識,「シニア世代とその子世代の健康意識に関する調査」結果を発表 ～子世代の約半数は親の筋力・体力低下を心配、筋力低下対策の必要性が明らかに～ - ニッスイ公式サイト,https://news.google.com/rss/articles/CBMiWEFVX3lxTE9VMUpaYVFaT1R6aGM4ZTJXRFNWRHJ1NEk0ZkxkbThjcUtiQ0JNRDVxUUVtamtFWkQxQnRRZUluaWpYMFFpSmsxdU1lZ09pY1B3OGtmcFN4VnA?oc=5,"Tue, 01 Apr 2025 07:00:00 GMT",2026-02-15T07:57:48+09:00
GoogleNews:シニア　意識,シニア　意識,【シニアの意識調査】2026年の決意──「今年こそ健康に！」でも、約8割がまだ未定 - 時事ドットコム,https://news.google.com/rss/articles/CBMia0FVX3lxTFB3OTBxQzBOUGhfeDIxWndoa1VtVEpsSnlxaTgyd1I2T25mR3Bsb1BNTGFiMEJiMjlSSHBrWkRDZ2RITlZVcHIxdWpsLURBWHZ0SjBIaHhRMkZKeFZzQWxEbkd1dW0zNVpvTnZv?oc=5,"Wed, 21 Jan 2026 08:00:00 GMT",2026-02-15T07:57:48+09:00
GoogleNews:シニア　意識,シニア　意識,【楽器に関する意識・実態調査2025】シニア女性の楽器の経験率は74.2％。4人に3人が経験あり。 - PR TIMES,https://news.google.com/rss/articles/CBMiakFVX3lxTE5IdlRXcGdZZC1ONlp3ZGU1UmJjUThXUTZqRUdldXJNbGZFYVRmUWlkWFo3QS01UmcyRmZISUZ3VDFZQlVRTVBSd0MydFVmWFBLSks3MjJyTDRSZnlCT0MybkoyenZBM0kyTUE?oc=5,"Wed, 01 Oct 2025 07:00:00 GMT",2026-02-15T07:57:48+09:00
GoogleNews:シニア　意識,シニア　意識,中高年の《住まい》に関する意識調査で判明「自宅は資産、実家は負債？売却や管理に不安も」＜調査レポート＞ (1/1) - 介護ポストセブン,https://news.google.com/rss/articles/CBMiTkFVX3lxTE9XcEJTdmJsYVJ4TGc0UklTNWYtM0MtRUZQUlNEZjR1YWlTNzNzM2tRZnljYWFDMlRxWVoyTTBPYlZ3NzNVMzdESk1PdFYwQQ?oc=5,"Sat, 25 Oct 2025 07:00:00 GMT",2026-02-15T07:57:48+09:00
GoogleNews:シニア　意識,シニア　意識,【シニアの意識調査】2026年の決意──「今年こそ健康に！」でも、約8割がまだ未定 - 市ケ谷経済新聞,https://news.google.com/rss/articles/CBMiVkFVX3lxTFBNWXh1T1FSNkpmd2U4M1k1cnphWHZ3aXNOWHBPVDBNVDIweXhKbHYyVGNXV2ZiSi1SMVFQaWhmckN6Rk1kXzRhMFlYUDJ3WGpHSXR0VWJ3?oc=5,"Wed, 21 Jan 2026 08:00:00 GMT",2026-02-15T07:57:48+09:00
GoogleNews:シニア　意識,シニア　意識,【意識調査2025】シニア層の認知症対策に関する本音と実態調査 - PR TIMES,https://news.google.com/rss/articles/CBMiakFVX3lxTE8yby1NREQyai1TTDY4WXVSZU9hQVRYZEctT0NDa3BBcUM3ZTc0ZXV0RFQ1MFEtSjRwUFdLMG5ULUEwRXRqY2RRWEZTT1otTmlsU0Rma3drajg4OTlnWnRTbTh1WEJLelRKQ3c?oc=5,"Wed, 26 Mar 2025 07:00:00 GMT",2026-02-15T07:57:48+09:00
GoogleNews:シニア　意識,シニア　意識,【いまどきシニアの生活意識】約4割が「ふつう」平均所得はいくら？国民生活基礎調査でわかったリアルな生活実態に迫る！ 厚生労働省の国民生活基礎調査でわかった《いまどきシニアの暮らし》を拝見します。 | 概要 - LIMO | くらしとお金の経済メディア,https://news.google.com/rss/articles/CBMiS0FVX3lxTE5fTWVoZjB0X0VuWGhwYVBFalhlY3k0NHBvclI0dGdSZmItSzh2MG1OekJnY09CczBfMFU2a2xOX2cxVkh1NlJEZ2ttRQ?oc=5,"Wed, 20 Aug 2025 07:00:00 GMT",2026-02-15T07:57:48+09:00
GoogleNews:シニア　意識,シニア　意識,50代後半は不安や迷い、60～70代は前向き - 電通がシニア意識調査 - マイナビニュース,https://news.google.com/rss/articles/CBMiaEFVX3lxTE83SFdyVEdlLW5naTE0SWpRcnBQU2x5eGc5bEo0VUVGT3VKRmdPOTBlcldLRHVrNy1TSkZrVXF1M0RNOXVYblZpY0Nwd00wc3Q2aFJSb0Mtd1FicjQ0a2J2ZmdzTnRxdHhW?oc=5,"Thu, 25 Sep 2025 07:00:00 GMT",2026-02-15T07:57:48+09:00
GoogleNews:シニア　意識,シニア　意識,【意識調査2025】シニアの健康意識と行動に関する実態調査 - PR TIMES,https://news.google.com/rss/articles/CBMiakFVX3lxTE9xT2lpcUhwZ0NLMEx0MFJrelEtc0lWT0tOLUdibldhWXdGdHY2eUctOHRDbTVEdEp6MnFoU0JIdEl6LURtVXBwUlVxMld2ZFlocDRrUXRZMUJIRVctR2RtVVJpTFQyLUV2d3c?oc=5,"Tue, 25 Feb 2025 08:00:00 GMT",2026-02-15T07:57:48+09:00
GoogleNews:シニア　意識,シニア　意識,【デジタルデバイスに関する意識・実態調査2025】シニア女性のスマホ利用率98.9％。ネットショッピング・ポイ活・AI検索が加速。 - FNNプライムオンライン,https://news.google.com/rss/articles/CBMiTEFVX3lxTE1vZ0toeFpsS1Jpc2h1cl82ZXI1dkY2Q3Z1eG9YRW1PamtvY0xCSWNkNkVJeGZWdHFkLVRrZFZ5QzRhV1FSNS1JbGhSYkc?oc=5,"Wed, 26 Nov 2025 08:00:00 GMT",2026-02-15T07:57:48+09:00
GoogleNews:シニア　意識,シニア　意識,【意識調査2025】シニアの情報収集に関する実態調査レポート - PR TIMES,https://news.google.com/rss/articles/CBMiakFVX3lxTFAzdzBXT1BiQUkwNEttRTBJdWcwN1p1VkNUMkNHcXhBZ2JfZEIzUmtuMGRtWXNNTEx2Y3NuZzBHS2NVanRIY1YxUEZUMy02WVhBVG02TEV3RFIyeWRDSmxfWlo4R090cjVDY3c?oc=5,"Tue, 11 Mar 2025 07:00:00 GMT",2026-02-15T07:57:48+09:00
GoogleNews:AI　買い物,AI　買い物,Debenhams、PayPalと提携し米国でAIショッピング技術の試験運用を開始 英国での展開は後日開始予定 - FashionNetwork France,https://news.google.com/rss/articles/CBMipgRBVV95cUxQMTlpVEhJZXdzaC1tbWg3a0NWVU1TTVB0bGFxLWVUR2dxSk9BRTJhUjRnTjlWRjZQSDQtT2k2cUM1alQxX0xzcFBaemhFa1NXeFBqOGE5NFV2UTMzS1dYVS1hamRHRVVwYWZ2cFdwTGVsaThTX1VXTWYwNnFLc1dCUzVRdm4ta0NlRTJZSFFuaEVJdEk0RE56WTlMcmEzSzZmazRVSHBCT0ZGVGgzWTB3Z0ZoRXlVb3hNeC1ETFYzdjlUMkUzNks1aW5PcEt2TFdLS05ObzlOUURLc0tpbV9LU3hRd2h3d0RlX3ZiTVBsS1pwVnJjNGpSOTlBVmk4N1Y5LUpwTjh5RlFuOU9jN0M1emdaVUtQV1NuWUkxdmRHdUhRdzdJWXYyQ1ZEbXpDNUtrRlpWeEN5Y0J6ZWVKQWZyX0o4eklNTTJMTmhBRXFnekNWTGYxcWFsRDljal9oWEh5WXJLdHFieU41WkhBckItSlRVNVE1QVJSdjQ4aFNwRGhQcko2LVBRQmtrOUFsdUY5cm15a3BzNklpWlBfYWlqQlliV05BRE04WF9HZ1owMzczOTVuLXRzS3l0bTNkd3RJT2tLSjAwZHczVXpEaW9Ic2ZITnNXdzYxTlZvNTNaUTFVZlNNbTYtNVpxMWN6V2VwWTJrZmJUdl9FOTZzcUdxLW5nYW01REdxZDZnWm1Ka3Myczg2Z1pMT0lfVi1PdWRyRkg1ZEJ3?oc=5,"Fri, 13 Feb 2026 11:36:15 GMT",2026-02-15T07:57:50+09:00
GoogleNews:AI　買い物,AI　買い物,「AIをショッピングに活用」アジア太平洋地域の消費者7割超、日本では? - Visa調査 - マイナビニュース,https://news.google.com/rss/articles/CBMiXEFVX3lxTFAtR3hyZ0JDQmNRcGVSV0gzbFYyam9kdFZlZ0c5bmdGZXBKOVlYb1dqQ29ON3doVGFTeDFYOU9tN2NjQjFtREIxZXNXZnkxZmt2N2NyOVl5R2RTVWVR?oc=5,"Sat, 14 Feb 2026 06:04:59 GMT",2026-02-15T07:57:50+09:00
GoogleNews:AI　買い物,AI　買い物,AIエージェントが買い物判断も代行 有望新興90社を分析 - 日本経済新聞,https://news.google.com/rss/articles/CBMibEFVX3lxTE1lQ0ZuOFFBUHlTdm9COVVlcHVid3VaN1ZtMHZDSEJ3ZjlMMEJSZzZoeUo4c0ppQlJYSmZweDlsdWVCbkJDQko5YUhsT3RNUUVfU0tvSnk1QjdfM29WMkNfVGV6bDFVZjdnRFZkdQ?oc=5,"Mon, 08 Dec 2025 08:00:00 GMT",2026-02-15T07:57:50+09:00
GoogleNews:AI　買い物,AI　買い物,米ウーバー、AI買い物アシスタント「カート・アシスタント」を開始 - 激流オンライン,https://news.google.com/rss/articles/CBMiUkFVX3lxTFBJaDNwTGctNnJkdlN3dTg4VHhCZ2ZnNEYtV3ZQZTNnSGp6TVMzdU80eFVkU3RKaUhIUmFyWTNuc0FXcEQ5c044M2hXSVZTUFo2QkE?oc=5,"Thu, 12 Feb 2026 06:37:52 GMT",2026-02-15T07:57:50+09:00
GoogleNews:AI　買い物,AI　買い物,Yahoo!検索の「お買い物AIアシスタント」機能が『日経トレンディ』の“2026年ヒット予測“で「生成AIショッピング」として4位に選出 - lycorp.co.jp,https://news.google.com/rss/articles/CBMiXEFVX3lxTE5oM0xtc2xHYm1BRGo5dXZDUXoySzl2WnAyQTA4ZDBXYmx3SkdaYmQ1UGQ1RkJpS2RiYzF3S05SaXZZYXlBZ3Z2akdycXhXWHk5OXVlS0J3aW5hWUZu?oc=5,"Tue, 04 Nov 2025 08:00:00 GMT",2026-02-15T07:57:50+09:00
GoogleNews:AI　買い物,AI　買い物,《めてみみ》発見、感動を与える買い物体験 - 繊研新聞,https://news.google.com/rss/articles/CBMiT0FVX3lxTE1VellWTXdGdjFIQTJjTm9lUzZoOU16SDY0MVhrR0w1b1BuMXVOMUVaYmI1UHdXemV0eFRQa2w1R1ZoMjNKTFpkb0xFTWxjd2c?oc=5,"Thu, 12 Feb 2026 21:24:00 GMT",2026-02-15T07:57:50+09:00
GoogleNews:AI　買い物,AI　買い物,買い物、ＡＩが相談相手　４人に１人、お薦め商品購入　電通調査｜四国新聞WEB朝刊 - 四国新聞,https://news.google.com/rss/articles/CBMid0FVX3lxTE83YlFBb1JxWHVKWU1SY25jLVVFd2FfS0NnUk5ETGdKdkFqa0xIWEwzeTVSb3EtSFB0aUdodVN4cGxuZWZHUEU5aERjbWRYcGx6MEFyRlB3WmZLdzV3ZnR4QlVrNW9Xc1I5N0xtUUJiVHg3ZEpmZm1J0gF8QVVfeXFMUGFPclFOQ19aR2xVdXBPTDRNeUNlYWFFRWhyNHFiaGdwYnFudGJMUjJ6X0NVUjBTYXBHVkRIelFoQV9pa0pSay1nVmZWTUI5UmhFdTZTLWVuOEl5Y19IcjJNNEFKWUpoZ05UOVpFdFhsclZOb2dPN2dGWUFMdg?oc=5,"Thu, 12 Feb 2026 21:32:21 GMT",2026-02-15T07:57:50+09:00
GoogleNews:AI　買い物,AI　買い物,「AIが買い物を代行する時代へ」。Googleが発表した小売業の未来と新標準プロトコル「UCP」とは - ネットショップ担当者フォーラム,https://news.google.com/rss/articles/CBMiXEFVX3lxTE1ReVFtbUxMNUJtSnBjVWs0S2pManZnamFxT3U0ckNLd1hhX29zMHlSTk96YTFhZnJSWHIyZ1VkQjBXYnk1TmRHMW91V0dqRF9yWC1QMDBuT1pYTFNN?oc=5,"Thu, 29 Jan 2026 08:00:00 GMT",2026-02-15T07:57:50+09:00
GoogleNews:AI　買い物,AI　買い物,Amazonの生成AIを搭載した対話型ショッピングアシスタント Rufus（ルーファス）、日本のすべてのお客様が利用可能に - About Amazon Japan,https://news.google.com/rss/articles/CBMifkFVX3lxTFA3SUpjWllrTHZSb2pvSklLN2pNWEFhUnlmQXFLVkROby03VmVXaUZfN3FSUGFHOGdRVGR6Y2FqVjhZUDRxcGNscDRmWUE5YXpxM21nUUxwSS0xVUpNWGVoSG05ekxyWVFkRkx4Y2dTT3NiMkhqcm5rSG9fVnFhdw?oc=5,"Tue, 02 Sep 2025 07:00:00 GMT",2026-02-15T07:57:50+09:00
GoogleNews:AI　買い物,AI　買い物,OpenAI、年末商戦前にChatGPTに買い物支援機能－AIが個別購買ガイド - Bloomberg.com,https://news.google.com/rss/articles/CBMidkFVX3lxTE1wY1JfUUFhVDRsYlJRVTRuUzNGd1o0aFdRV1BwUTU4UHEwdkVNOWJUajJ3OWFCeUJSSThuS0VPeGRGY1RXVmkta2FnX3ZGUmtySkVrVGtBT3BsUTlyTzNWNmV5QXBJSE5wRWoxYnRIV1ZlQ0EtMVE?oc=5,"Mon, 24 Nov 2025 08:00:00 GMT",2026-02-15T07:57:50+09:00
GoogleNews:AI　買い物,AI　買い物,「ChatGPT内で直接購入」の新市場開幕！ AIエージェントが買い物を「代行」する時代に、日本企業が今動くべき“最初の一手” - ダイヤモンド・オンライン,https://news.google.com/rss/articles/CBMiTEFVX3lxTE9PSU0yZE12eGJuNGFPTzVkOEFIMTkteVpmOGtDMnJsa0djZDhYaDNQOXRnYy0tQ0hzSmx4ZXhBRjBHWU9GTHNwdU9IcjE?oc=5,"Fri, 30 Jan 2026 08:00:00 GMT",2026-02-15T07:57:50+09:00
GoogleNews:AI　買い物,AI　買い物,【博報堂BIZ GARAGE主催】AIが買い物を決める時代。企業/ブランドは“顧客接点”で差をつける。【DAY1】“AI・テック”で生活者が動く瞬間をつくる ～AI/テック編～【DAY2】リアルで生活者が動く瞬間をつくる ～リアル/販促編～1/29(木)・1/30(金)オンライン開催 マーケティング・販促 - hakuhodo.co.jp,https://news.google.com/rss/articles/CBMiV0FVX3lxTE0yTWlobUROQkdxV2x5cEt6LU9FOUN3TDZzMm8tTndxU0xrSWQ5ckVGaVFyTzFwdFJveEtOTUtvQk13WUdTLUthQnBONmFHTGhmeU5ocjIzRQ?oc=5,"Thu, 29 Jan 2026 08:00:00 GMT",2026-02-15T07:57:50+09:00
GoogleNews:AI　買い物,AI　買い物,【買い物革命】ChatGPTのショッピング機能が超便利！料金や使い方を解説 - 株式会社SHIFT AI,https://news.google.com/rss/articles/CBMiSkFVX3lxTFBiekZncG9rdEd6aHo3V3hhbWtrMElUUzY5SkIyamlsRlNYU2FCSlZQc0ZWNW1CUEdtMWs2R2ozU0R1M0ZqUkNpTlV3?oc=5,"Thu, 16 Oct 2025 07:00:00 GMT",2026-02-15T07:57:50+09:00
GoogleNews:AI　買い物,AI　買い物,グーグル、Chromeに操作代行AI導入－買い物や日程調整も自動に - Bloomberg.com,https://news.google.com/rss/articles/CBMid0FVX3lxTE9CTDlvRE03bk5Hbnk3V0Q2UE5YNE1uYTBFX2V5T2UxSmdIMnlQQ0lOdVlUTEhrekhOLW1qckdRaGJ3TVlWRWlpeEcyeVc0VWRYSmU4OGxUNWNkYVNLQVN5Z1lKSHA2QzRhaGdLbXo1bS1fUXQ4QnU4?oc=5,"Wed, 28 Jan 2026 08:00:00 GMT",2026-02-15T07:57:50+09:00
GoogleNews:AI　買い物,AI　買い物,Yahoo!検索、生成AIが商品選びをサポートする 「お買い物AIアシスタント」機能を提供開始｜LINEヤフー株式会社 - lycorp.co.jp,https://news.google.com/rss/articles/CBMiXEFVX3lxTE13Z2hacWNGWTVPR0tGaFExNllEbUdlbVNLTHJOQU9UTHNzWWFoNko2QnQtQ3BaeXlIeGpDTWdkc29VUXdtZGt4RHhqM051V3dQX21zTXFjdlFGbnZq?oc=5,"Thu, 02 Oct 2025 07:00:00 GMT",2026-02-15T07:57:50+09:00
GoogleNews:AI　買い物,AI　買い物,Amazon、AIによる買い物代行機能の停止要求。Perplexityは反発 - PC Watch,https://news.google.com/rss/articles/CBMiY0FVX3lxTE5Xc2JHcVJDUVRpZlR1NFVMeE9Leks2Nmg1dnFQS2ZfdFJZMGg3LXIwOEVxOEtNTUl6cHJyWUhKc1J1c0ZEaTdRbmFPX0lYT0VYSE9pMUlqQW5FVFo2bkpDb1lRSQ?oc=5,"Fri, 07 Nov 2025 08:00:00 GMT",2026-02-15T07:57:50+09:00
GoogleNews:AI　買い物,AI　買い物,小売り大手のAI対応度 自律型買い物代行の未来にどう備えるか - 日本経済新聞,https://news.google.com/rss/articles/CBMibEFVX3lxTE9XZzBGQW90SnljWjctYVpRdHNMVnlPcWhMeDZEZHBmbnBXOHg0QkZzR3M4OTB6ZVA5d1hZSnVHLXdYNVZYUE52Q3Bpd1QwaXFpNDh3TVdyNHo1eHNQVkJKenp0RlQySXdkeTloUw?oc=5,"Mon, 28 Jul 2025 07:00:00 GMT",2026-02-15T07:57:50+09:00
GoogleNews:AI　買い物,AI　買い物,AIで変わる買い物体験－ホリデー商戦に向け新たなツールが次々と登場 - Bloomberg.com,https://news.google.com/rss/articles/CBMidkFVX3lxTE5HTFRpdUJ1SFo1M21Ya004RGlZeE5YdzRPV2h5aWFNRk5STnQtMWVtdEZuLUZRVE1sb1g3aV9lVU5oUE5wVUo2VVk2MUJueDFpNWxpbWhqRXBrWjEzLXVkeEhrQktBREhFcTAxZnY5QkxMNG5QSFE?oc=5,"Thu, 27 Nov 2025 08:00:00 GMT",2026-02-15T07:57:50+09:00
GoogleNews:AI　買い物,AI　買い物,ChatGPTで買い物も 対話型AI向け情報提供技術に注目集まる - 日本経済新聞,https://news.google.com/rss/articles/CBMibEFVX3lxTE5meDFwQkMxM2pSSHBjT0FGendOUmRKUmROSFhkbTFNeE9sQ0ZVSFVYc2k2LV91dy1pSEJUV0hUWVBlaWdxNVZWNnRlWE13MHc5RjlTR0htVzNiZ0pFMlhtVE96ZUFiS2tmcWRBdg?oc=5,"Mon, 20 Oct 2025 07:00:00 GMT",2026-02-15T07:57:50+09:00
GoogleNews:AI　買い物,AI　買い物,【Google が示す、AI時代の新しい買い物体験とは 他】Google マップ・Google ビジネスプロフィールのアップデート情報（2026年1月版）を無料公開 - PR TIMES,https://news.google.com/rss/articles/CBMiakFVX3lxTE1QQTYwdDFkYU5YQTVzY0kxLVdNelYxRi0yREMtd2JicUF2dU5PTmdjYmZSVmhScTE5Y1dmcXZ6QUFhNVRYM1BjeGRoS1NmaUpyZ052UG9LbTFYamxCSUxEb1NfZmNaX0NOTHc?oc=5,"Mon, 02 Feb 2026 08:00:00 GMT",2026-02-15T07:57:50+09:00
GoogleNews:AI　買い物,AI　買い物,買い物の未来、AIが奪えない「人の価値」を消費者が選ぶ理由 - 日経クロステック,https://news.google.com/rss/articles/CBMibEFVX3lxTFBzLXFnWU54VjhueVBVYXpFSTdoTC1xcURieTVueWVFaWF3OGRyRHJQRnE5emxUbGVRV2tLTlF0cEZBZzhCZGxONHpFSFNPUFBaRHBzcDhMekJrcDloUExsTjNfaUNhQWhJamE0eA?oc=5,"Wed, 21 Jan 2026 08:00:00 GMT",2026-02-15T07:57:50+09:00
GoogleNews:AI　買い物,AI　買い物,アマゾン、AIショッピングエージェントとの「共存」へ舵か 「リーダーのジレンマ」に直面 - JBpress,https://news.google.com/rss/articles/CBMiVkFVX3lxTE01eDFpU1RKMWRPd1lPbjByVzZHU3loelRrNEJPM2Fuc0J5R0IxYWRYdFlfUS02d25yMlhLQmlob3F2UEE3S0x6MlliQ3hUdHMxaXNyYS1n?oc=5,"Thu, 22 Jan 2026 08:00:00 GMT",2026-02-15T07:57:50+09:00
GoogleNews:AI　買い物,AI　買い物,コラム：グーグル、「買い物代行ＡＩ」で描く小売りの新秩序 - Reuters,https://news.google.com/rss/articles/CBMigAFBVV95cUxOM1BsYy0yU09DN0lvRHp4Tmo1MHExUWw2MEJNX2ZYY3oxbkc0aXg2SnNlWkF4Xy1JNkNHN18weGdZenhCRnJfZlhmeERpX2szZk1YM2t2ZjhUbU5NcVRUaG9CSnJaeEJlOG9Oc0hrSU5NNVdWTlJlS0MtbzRUai00Qw?oc=5,"Fri, 16 Jan 2026 08:00:00 GMT",2026-02-15T07:57:50+09:00
GoogleNews:AI　買い物,AI　買い物,アマゾン、AIツールによる購入代行は停止を－パープレキシティに要求 - Bloomberg.com,https://news.google.com/rss/articles/CBMidkFVX3lxTE5JNC0xWFNvS2xDaUNBSjdnZi10N0lkQUo2d1JFNHVDY1pZcVdaRTU3VXFCMXVRVzBFY1QxSHBzc3RXTWg0S0NyYlZrUl9QbzRvR1pKekZ1alBXajVqRk1meGFOcENSSzIzLXRneTJncnFJaWlUd3c?oc=5,"Tue, 04 Nov 2025 08:00:00 GMT",2026-02-15T07:57:50+09:00
GoogleNews:AI　買い物,AI　買い物,AIショッピングアプリ『PLUG』、Best App Award 2025を受賞 | 株式会社STRACTのプレスリリース - PR TIMES,https://news.google.com/rss/articles/CBMiakFVX3lxTE9kM091aUJMcDlleFZ1YjRyNUpET3R1MUJsQkQ5WjZKRzlNOWJrZklUcWFWVEJqazhYNndTVEFDc181dFBrMnduMTBBWnZNM1ZsZGxfeTMzUXpTZk5KNDFrY0RrR2tXSTRwcWc?oc=5,"Wed, 03 Dec 2025 08:00:00 GMT",2026-02-15T07:57:50+09:00
GoogleNews:AI　買い物,AI　買い物,AIに買い物相談、メリット・デメリットは？ 46.6％が「AI経由で購入」（1/2 ページ） - ITmedia,https://news.google.com/rss/articles/CBMickFVX3lxTE52RlZPR2NnZkE0akNFRlp2RmxwckJEUW02ZWlyT3RSVE9GMDFGbGhtNWVtM1VRdVNQU1lZREJjZTJ2ekRSMmxfN3d0U1Yzb0ZTZ0NNbnZ5ZFBYcDVlT3AzdW9jc2RGWVRDSEZhdXNLaUdGUQ?oc=5,"Fri, 21 Nov 2025 08:00:00 GMT",2026-02-15T07:57:50+09:00
GoogleNews:AI　買い物,AI　買い物,AIショッピングでもGeminiが優位？…ウォルマートのAI責任者がChatGPTとの違いを語る - Business Insider Japan,https://news.google.com/rss/articles/CBMirwFBVV95cUxNWlE0dGRteHM3cVNNNklCVDhOalNqcElISUFjeVQ3aDBodGthN19oVXc5UHVxT3EydjJ1aXZzWlFGVWdWdDNmZVE1TXhXczZ1dWJhb1pPQ2tadG1nYVNCMFA1eVFVeFZHU3BqOFpRTVZrQzJNYUdhNk5hbk81RGhOaFJHRHlPWS1VZnQ3ajRVQzhlaVo2SEpDbjh2dzB3NWNoTExpZ3N4MWl2bWdsbGJv?oc=5,"Wed, 28 Jan 2026 08:00:00 GMT",2026-02-15T07:57:50+09:00
GoogleNews:AI　買い物,AI　買い物,「検索して買う」から「AIが代わりに買う」時代へ 米国で始まったAI購買革命とは - AMP[アンプ],https://news.google.com/rss/articles/CBMiWkFVX3lxTE9mUjE3ZmpXeHo1WnBaUVdkVF9jZFFxM0pRN2pZYWdadWtXNkVPa0NZYTZzTGxWMjZjZ0dsUDNEU0VRTUhBRHhmNFhVTEZfbkxUTTNrdGo4VGlWZw?oc=5,"Sun, 25 Jan 2026 08:00:00 GMT",2026-02-15T07:57:50+09:00
GoogleNews:AI　買い物,AI　買い物,AIショッピングアプリ『PLUG』、「アクセストレードアワード2025」NewFace部門を受賞 - PR TIMES,https://news.google.com/rss/articles/CBMiakFVX3lxTE9BM25IWTBIYUZXSUl6RnpUNmtPWHRsSkMtMnk1RnF5YkhVcVQ3dkVVTmhIbTlzemJldS1JS3ltajMzZGRNdmhUcU1LUFVMZjZLS2YyQWpyZ25SWVZGOG90Wm1tR1drZ0ZFZUE?oc=5,"Thu, 04 Dec 2025 08:00:00 GMT",2026-02-15T07:57:50+09:00
GoogleNews:AI　買い物,AI　買い物,「ChatGPT内で買い物完結」の衝撃。日本上陸は「まもなく」、企業は何を準備すべきか - Business Insider Japan,https://news.google.com/rss/articles/CBMifkFVX3lxTE5JOUFPVmI3dm4tNXJTU0s4X2d0YmJTR0V4VHk0dnZ5cnZ3OWlOWFBQSXJTMUFIcVB6NDRXeFZyOU8zMDZNM1k4dk1URV9EYTUteHFYRXgtbERyOGhWMGgyZzhPaXFzc2JKck9QZTZhQV9yRTVub0VMc1FIMTZiQQ?oc=5,"Thu, 29 Jan 2026 08:00:00 GMT",2026-02-15T07:57:50+09:00
GoogleNews:AI　買い物,AI　買い物,AIエージェントが買い物を代行？ 話題の「エージェンティックコマース」にいち早く対応するには【デブサミ2026 注目セッション】 - CodeZine,https://news.google.com/rss/articles/CBMiTkFVX3lxTFBrRHlYNUx1OHBwaE9RU2JUUmVmWU91cHo2QWVQU1JiS1lKc0hFUzE0UDNFRTB3Z1dkWmdzU3JuX3BXWDhmbTVzdktrbFZSQQ?oc=5,"Thu, 05 Feb 2026 09:00:38 GMT",2026-02-15T07:57:50+09:00
GoogleNews:AI　買い物,AI　買い物,Riskifiedによれば、英国の消費者はホリデーシーズンの買い物でAIエージェントを受け入れる見通し - FashionNetwork France,https://news.google.com/rss/articles/CBMiwARBVV95cUxQUk1pVENZQkVfWnZJNUtDLURrZkxZMWhWRUJEc21ZS1hJaGRnYlh5OXUtTHU5eWctNk4wQ3o2S0pSLXMyNjNzYUJrYko1RTR1VXBCZnpfenlWM2dRYUVnb3R3Z2Qxd3JlV3dDV3FIcFFFdjRDRVUyMkVNZDRiN2FYeWhOZDNaRnJSTXdEbU9mdXVxWER1QVdBTk50ZEJOQmFHR2hYUkVlUlRGeU1wWTMyblJNOTliUHhPT3BkaDRXU2pTd3p1dnlYZmVQY3pkOWNuN0k2U0N6UG4teTJKMlNWU25wS0ZmOGMyLWpJYVF6MldUSzZlZ2JETWYxM1ZvamhNYUlmd0pOeTJiLVY5c18ySjB0QVFCVUluYlVZQm5Sa0pTcEtxV0xtdUo1bnV0Z2sxSjFEel9pTUVET3RpczhveHBYeEJsMWp0amdVMlhJWi1yVnZjamNEb3ZBbENpTVNuNHZINE9UOGdQRVZBbXMydjlhQ3NGRW0tREs0SXVmZUV5NEV0QVl6XzM4Rms5M3BETGlZMFhwamRfWmhXQ0VkX3o5d1EzX2RKUllNY0pvTkJZWDZyNjViZVBhTmJueDI4TFBzeTNEQ3ZxZ1dLZ0c2Sy0xR2FTMUpqV19RYWtFXzFaeWRqSXZyTjZOcTZsZWU0ZnJGVl8zdUtibW9NenRnZ0lFeElwQ1E2SjJDQ3FFQjAxRFpkTXU0bnRGVFVyNl9NZTJ1NGFUUlA1LTFQOFBteGxlWi1POFZuTG9kbXhRbVI?oc=5,"Mon, 20 Oct 2025 07:00:00 GMT",2026-02-15T07:57:50+09:00
GoogleNews:AI　買い物,AI　買い物,迷ったらAIに聞く。3問で「欲しい1台」が見つかるお買い物AIアシスタントを使ってみた｜LINEヤフー株式会社 - lycorp.co.jp,https://news.google.com/rss/articles/CBMia0FVX3lxTE5yMVBybVNOU0dnWElmZlIxZ3VJdVRsb3RFMWlyZm5wZFlyZ1ozQTBhTm1yVDlJQjlIbWVsd01oa0xPT1ROM0dETERnWlZYc1J5ajBuR3dBUUtnWUZidHlqT3I2NFpLakQ1bERz?oc=5,"Wed, 17 Dec 2025 08:00:00 GMT",2026-02-15T07:57:50+09:00
GoogleNews:AI　買い物,AI　買い物,米国ホリデー商戦に見るAIショッピングアシスタントの台頭－消費への生成AIの浸透がもたらす「期待」と「リスク」（２） - nli-research.co.jp,https://news.google.com/rss/articles/CBMib0FVX3lxTE9rbkFXbEtQMkdSaFJsTXdkcXNCRUlsLUJLVm9MbXBjYVRiblZ2YzVSRjl0dzkzYjNVMlFINzdkTmx4ZEZYQ05QbFBWU3RnTDFXc2ZyYWRtUzNvVUhIWUl1UkZJdlpOSlVLM3dpYk9nZ9IBf0FVX3lxTE85el9lbXY4dVQ0b3g3MTFZcDFSOC03R1FyNlVzQTFaampKMzAwRkU5TXFkeXlPRzE2ZWdkZUtZTWh1RDVDbURlaUhyRjlJc09DVmUzLTZZUFpMbW1FWXoyZXNPN1VTYXdxYVJ5YVhGYkV3VHZ2OUgxS1NQSHNDS2c?oc=5,"Thu, 11 Dec 2025 08:00:00 GMT",2026-02-15T07:57:50+09:00
GoogleNews:AI　買い物,AI　買い物,Amazonの警告とPerplexityの反論--AIショッピングアシスタントの行方 - ZDNET Japan,https://news.google.com/rss/articles/CBMiU0FVX3lxTE16YUNGSkhaY3V3QmVQUmNaakVkU2ZrNDBhWGlWaUFRUzFZT1ZiLVhaNTQ2SjM5THpSUmtBS1VPRWk2Sm5hbmpVNDVNOUpSWTR5Y0NZ?oc=5,"Thu, 06 Nov 2025 08:00:00 GMT",2026-02-15T07:57:50+09:00
GoogleNews:AI　買い物,AI　買い物,Google、AIエージェントが自動で安全に買い物する「AP2」 - Impress Watch,https://news.google.com/rss/articles/CBMiZEFVX3lxTE1IWGM1UFpyVjc0dFNnZDhYT05HclRHUWVxRXZ1Zm9yLVRReUdOU0pfVEF6Qnk4ajRUZVU2QzREOVZ5bTM2OUZUU0t3bG9JaUZxYVBRcDRhMGw1TnZQcW53czMteFA?oc=5,"Wed, 17 Sep 2025 07:00:00 GMT",2026-02-15T07:57:50+09:00
GoogleNews:AI　買い物,AI　買い物,Yahoo!ショッピング、生成AIによる商品検索サポート機能に チャット形式で商品を提案する新機能（β版）を提供開始 - lycorp.co.jp,https://news.google.com/rss/articles/CBMiXEFVX3lxTE04SXZZS0JvMGtDTWJQMTFJc0V4bjl3STNRcFhZUlplb3hRclRaUENmcFdkWTlJZ2ZYbHRhLUduQlZpWmpZUm05aGpLN0d4dW9MQWw2TTdRd1lZTTQy?oc=5,"Wed, 01 Oct 2025 07:00:00 GMT",2026-02-15T07:57:50+09:00
GoogleNews:AI　買い物,AI　買い物,買い物の未来、AIが奪えない「人の価値」を消費者が選ぶ理由 - 日経BP,https://news.google.com/rss/articles/CBMiZkFVX3lxTFBsZklhUF83eFZETGU3dUR5c3lOcWxxQWpPS21CVmt1bTU0Z0t3TVRwMkZjaE1BSUtydFdMdC1lQnlCSFltS05nQVZvVXB6X3JpdjZxNVlYU2NZQjRoY3g2V0FmQVh0UQ?oc=5,"Fri, 06 Feb 2026 03:36:02 GMT",2026-02-15T07:57:50+09:00
GoogleNews:AI　買い物,AI　買い物,グーグル、Chromeに操作代行AI導入－買い物や日程調整も自動に - TBS NEWS DIG,https://news.google.com/rss/articles/CBMiZ0FVX3lxTE55bkhXTEdVdlNac01fM2dnb2lTWUltazBIR0xNVVpzWHc0cV9EdHZyWjNnenJJaHJ6cHUzUTVDYlpySnUxQTgwbmEzekFLR29zX216dURjYU5FRDNrT3dZM1g0T0FpNEk?oc=5,"Thu, 29 Jan 2026 08:00:00 GMT",2026-02-15T07:57:50+09:00
GoogleNews:AI　買い物,AI　買い物,エリザベス・ウォーレン、「グーグルがジェミニをAIショッピングアシスタントに変えた後の回答を求める」と述べる：議員はこれが消費者操作につながる可能性があると述べる - Benzinga Japan,https://news.google.com/rss/articles/CBMiuANBVV95cUxOM04teVJfNEtCMzJzZFNSX1F1Q2cwRUJDTUFSM0xmUUVDZ0w3ZGVNZG1VRnk4LW5UdHZNM183MENHQXV4TktNa3U5MVdQOXVzS0hrTXo4UmwyQUxvZDZpM080OVFWLXpUSEZYVm9SQlVHTTA1d3pQM1lmRnZJLWpCNEVZcDVqWGU2UFJCaXJwbjNJWkx1ZW90TkhfanN1dGJlYUF2MTRpMF9uUElwdUU0ZXBBd0dHMmhveWxaNDY1UnBUcUhGdW1LVDh2UlVrRkJ6MHBiZXJVTkxBNWlnMUhOT20xeUNxNDVTZENfNlVCSjBMY3R0ZVZkRm1ocVFjX1R6V3ItbWpLMTcxdFE0a2liSmZIX1R0alNoV1N5eFFJVUJoWHlDQWhrQ0taSDJlSDFCWGNBRE44RlVINkpUdVZURlppaEZfdDVsZVhfVjZjV3NMYlZWU3VodktMaTk5cUVOX0VaMHdudUJqX2dNZENVVUx6VDNXZXdmX1IxeWprX1I2Y1ZDdkJ3VVFReENQSzl0RGNzNmJXa0RGRjJweUJEYnJGV1YyMEdVU251eUZzdWVvdXAzSXVfOQ?oc=5,"Tue, 10 Feb 2026 07:42:34 GMT",2026-02-15T07:57:50+09:00
GoogleNews:AI　買い物,AI　買い物,AIエージェントとの対話で買い物できるGoogleの「UCP」活用事例。「AIモード」「Gemini」で購入できるその仕組みとは？ - ネットショップ担当者フォーラム,https://news.google.com/rss/articles/CBMiXEFVX3lxTE81TGxJZWVBTE1BLVZ1ZThrTWQ0MTNXUWQ2bkpDZEVIaEV5SU1QdU1VaDA4YnJMQ1Vtc2MzNHdhMG9MWWZQMHRtbndhd3RXWVJ4YW85dkxSSm1XV2pJ?oc=5,"Thu, 22 Jan 2026 08:00:00 GMT",2026-02-15T07:57:50+09:00
GoogleNews:AI　買い物,AI　買い物,ウォルマート、オープンＡＩと提携 チャットＧＰＴで直接買い物可能に - Reuters,https://news.google.com/rss/articles/CBMigAFBVV95cUxQU2RQTTdqMWhRLXEzMmFDU3FnMU5rOWNVNjFzaC0xSm85UmtIR1V5c0RObU83YXhNbUplT0dja0RzTThaaHNNOTFwd3E4NFk2TmhveFFPQjJqWGNFb0EyZFltY0txdDNrS2JvcVRldFViV3dCdWhNUWhFdDdBQUs5Uw?oc=5,"Tue, 14 Oct 2025 07:00:00 GMT",2026-02-15T07:57:50+09:00
GoogleNews:AI　買い物,AI　買い物,AIで値下げ“適正価格”に挑む 買い物の常識を変える新システム - tv-tokyo.co.jp,https://news.google.com/rss/articles/CBMickFVX3lxTE12czA5OGY2MzBjWGJJY1pzblVfT3dYZ1lyYTVUelVILXNDakh4NHM1LVVPZUtlbGV0andmeUt1b09ZcC1VQXFWMzZMeS1SOENubVZSQVR2aGl3UFNFencwQXJJRS1fZ1RIcjQydjJKTXVBdw?oc=5,"Thu, 08 Jan 2026 08:00:00 GMT",2026-02-15T07:57:50+09:00
GoogleNews:AI　買い物,AI　買い物,生成AIは生活に浸透も「買い物は自分で」が多数派 博報堂ＤＹ調査 - AdverTimes.（アドタイ） by 宣伝会議,https://news.google.com/rss/articles/CBMiX0FVX3lxTE1nLWZIb2NIdXRjLTBOSmFYM3FUYWZmY2FDbTYzdHM5VTUtdjROUFM1QXlhLWllVUtBZHFPUGgwblc0S0tBWkMxREJieDljQTBkVS1ucm52ZTBpamJhcXpR?oc=5,"Wed, 19 Nov 2025 08:00:00 GMT",2026-02-15T07:57:50+09:00
GoogleNews:AI　買い物,AI　買い物,優柔不断な買い物客の背中をAIが後押し、アマゾンが新機能を導入 - Bloomberg.com,https://news.google.com/rss/articles/CBMidkFVX3lxTE56SFRuMWxrSHdCcFQ0X190SmlfRVhtTm5IRWdjZnBoTUNFM21MOUdQRjlBLUtNV0p0WF9kWnljUHJ1eWQ4NXhoOGpLVFF0VmdZS01mdmNZLTVWdXlpWDBXX0ladk5FOE5jODlYODFyTVN0bk5jcnc?oc=5,"Thu, 23 Oct 2025 07:00:00 GMT",2026-02-15T07:57:50+09:00
GoogleNews:AI　買い物,AI　買い物,AIが買い物をするエージェントコマースをウォルマートが導入。ChatGPT内で買い物できる「より楽しく便利な未来」を実現へ - ネットショップ担当者フォーラム,https://news.google.com/rss/articles/CBMiXEFVX3lxTE9JUkdES2ZoMjBLQ29tR1FoOTUtTHRNV0FPSlRKU1U2WHNkT0pBSjF2OWw0cWUwWkVmUTBIci1BajYtakZoRko3c2luTElqczg3VGplNTZsbUwwcjlK?oc=5,"Thu, 23 Oct 2025 07:00:00 GMT",2026-02-15T07:57:50+09:00
GoogleNews:AI　買い物,AI　買い物,AI で買い物はどう変わる？ 米小売大手ターゲットの幹部らが語る、2026年のリテール AI（DIGIDAY［日本版］） - Yahoo!ニュース,https://news.google.com/rss/articles/CBMif0FVX3lxTE1UXzg2dEFjeG9fb0hoaXI2NC02eHQ2bTNfSjBvbldCWjdiUnNjbTl1dElUWjFDS0pBODBTajl6UDZrbzk2T0ZFdDZmSDZlRm84cm53eWt0ei02Rk1BeVJnX1VFSzI0WHlVaTZQYUJCeHZud0hMYkl4N3RCUTZuWms?oc=5,"Fri, 16 Jan 2026 08:00:00 GMT",2026-02-15T07:57:50+09:00
GoogleNews:AI　買い物,AI　買い物,Amazon、米パープレキシティを提訴 AIで「不正に買い物代行」 - 日本経済新聞,https://news.google.com/rss/articles/CBMibEFVX3lxTE1UeFVwRU1RZUx2bEpWTnI0bjNubTdQMzYxN3E3R0MyZFBrZnBScFlFODRYd1Bvb3dLUTRiMzlyUjZvYmhfbUZINFlkZnRPSkNDMFdYMzN6amVKZ29fdU9zNGExakJQUFQzRFRDbg?oc=5,"Wed, 05 Nov 2025 08:00:00 GMT",2026-02-15T07:57:50+09:00
GoogleNews:AI　買い物,AI　買い物,楽天市場のスマホアプリに「Rakuten AI」が搭載、AIコンシェルジュとして買い物体験を向上 - EnterpriseZine,https://news.google.com/rss/articles/CBMiVkFVX3lxTE1WTFJBQzJDajhEbXEzcm5vVnlwV0c4aVVCbUFUc1ZBTWlGd0J3U213N0doTEtCRmdyZjZsYlg5VGJSRS1Ha3NBT0Y1ZUV0eFBtNGpmSGtn?oc=5,"Tue, 27 Jan 2026 00:30:16 GMT",2026-02-15T07:57:50+09:00
GoogleNews:AI　買い物,AI　買い物,「買い物・購買目的でAIを活用した」は1割未満、利用意向は37%。若年層では半数近くに - ネットショップ担当者フォーラム,https://news.google.com/rss/articles/CBMiXEFVX3lxTFB1ZWl5V0xiRm91alBGUklpMVVGOWE3YWZteUlFeVl5bkU5aGhUcFVQZlVJRGcyZFhlaC05VVFsSWZFYmpBSEQ2ampYVzRaUEtMNXJrMzZ1NW1hOG1V?oc=5,"Fri, 09 Jan 2026 08:00:00 GMT",2026-02-15T07:57:50+09:00
GoogleNews:AI　買い物,AI　買い物,AmazonのAIショッピングアシスタント「Rufus」、サイト内検索の結果でパーソナライズ提案する新機能とは - ネットショップ担当者フォーラム,https://news.google.com/rss/articles/CBMiXEFVX3lxTE81SHFrWGp1YU9VWE1BcU1xOXp2VnlpeWg5NW9qOHg5MUVCSXlDOXlEZzZKN2VSQ3d5M0dsa01kX29SRU0xV21IMEFYdllrQml4ekh1ZHpRRUcxRWI0?oc=5,"Thu, 04 Dec 2025 08:00:00 GMT",2026-02-15T07:57:50+09:00
GoogleNews:AI　買い物,AI　買い物,「チャットＧＰＴ」でお買い物 米ウォルマートがオープンＡＩと提携 - 時事ドットコム,https://news.google.com/rss/articles/CBMiY0FVX3lxTE5YTV9fUERVRmtEYTJjUFpkUmR2d1R5bGhDal9lbXU2MkVHRkhlcG5zdXQ5czNZaUFNYjRQLUVKeTlyYmVWSk1XZXM4SzVQWHE0Q0hONmJDR1VZN1JPMFZlc2laaw?oc=5,"Wed, 15 Oct 2025 07:00:00 GMT",2026-02-15T07:57:50+09:00
GoogleNews:AI　買い物,AI　買い物,【生成AIサービスの内容は】「ヤフーショッピング」、生成AIが対話で商品検索を支援する機能を提供 - 日本ネット経済新聞,https://news.google.com/rss/articles/CBMiVkFVX3lxTFBmNXBsNEZzTUJWTGYydlhEd1JKVVhzX3NFRjd3MU5lam8xMGs2by1pSkVyWS0tQ3BnVHFrLVNFOUplRjB3M1NOSFo5ZElwUzZPMnlzYUVR?oc=5,"Wed, 21 Jan 2026 23:01:58 GMT",2026-02-15T07:57:50+09:00
GoogleNews:AI　買い物,AI　買い物,2026年に加熱する AIエージェント によるショッピング競争 小売企業がやるべきことは？ - digiday.jp,https://news.google.com/rss/articles/CBMijgFBVV95cUxNSWVsbWFGNWNsaEZqa0pRWF9udmNtNE01ZFpTRzNoSU11LW94VWxsNU1uNzJYVFhycEpCSVRnd2tSV0t5UENEWVZhZGljcmM3Q2NQSjltQ3BOeDFvM0RjNWxYUTRFc1YycVdTUGw2dUg1ZHpreXE2emtORXZ5NVA1SUdvRTJuS0Jwb2J2SE1n?oc=5,"Tue, 20 Jan 2026 08:00:00 GMT",2026-02-15T07:57:50+09:00
GoogleNews:AI　買い物,AI　買い物,AIが買い物をする時代へ、GoogleのAP2が提示する決済とECの新常識 - ZDNET Japan,https://news.google.com/rss/articles/CBMiU0FVX3lxTE1NSkVnZzVLY25ueGVwTjRKT1ZBc01OZGd1X3ZQcnJnVDQ0Rnd4YWtVUlIyUWVWLVhqbGYxTkFiYlhFWkVScTIyYzV6elFieE9CWEJB?oc=5,"Mon, 10 Nov 2025 08:00:00 GMT",2026-02-15T07:57:50+09:00
GoogleNews:AI　買い物,AI　買い物,ＡＩで金融商品の透明性向上、買い物のあり方は一変＝アファームＣＥＯ - Reuters,https://news.google.com/rss/articles/CBMigAFBVV95cUxPVjVGRVRfVkVvbF9kcW05TUlSOUd3bmNOa2N2cWdNSVZuQVdSZzQ3QjZYN0wyUGp3TkNUNFF2b1RGazQ0N0xxMFRpQTVMenJTWnBVQzItOVYzcXF3TlVLX0NaNmp4SlVaUU1yVEQtUnFpX0xucUozckJBRm1KVVFYbA?oc=5,"Wed, 19 Nov 2025 08:00:00 GMT",2026-02-15T07:57:50+09:00
GoogleNews:AI　買い物,AI　買い物,AIグラスでコンビニの買い物体験激変？ 3人の専門家が消費の進化を予測 - 日経クロストレンド,https://news.google.com/rss/articles/CBMiZkFVX3lxTE9Oa1l4VDdYV3BwZXNWalY0eDh6WC1mNk1DSGdUZk1FamlYUE0yZlpnLWxEcDYyZ0k3bUNsclBzUFg3XzF1ZU1STkxTcUFuOFdnWjR1a1hVczltZ2NIWktiYVVlOG9jZw?oc=5,"Fri, 16 Jan 2026 08:00:00 GMT",2026-02-15T07:57:50+09:00
GoogleNews:AI　買い物,AI　買い物,>LINEヤフー「お買い物AIアシスタント」を紹介！｜イマコレ｜番組情報 - kfb.co.jp,https://news.google.com/rss/articles/CBMiWkFVX3lxTFB3d1JTeUdIZ2NzWkZxYUtwak1hSVNUR3VKQlo4VngyU051V200Q0daUGF1ZXhZUmhKZTJ6cXcyQ0NnZEs1Z3RVeFdQdVh4S19oSGVmSUQ0cjJ0Zw?oc=5,"Mon, 26 Jan 2026 01:46:18 GMT",2026-02-15T07:57:50+09:00
GoogleNews:AI　買い物,AI　買い物,ペイパルとグーグル、ネット通販で提携－AIが買い物代行の時代見据え - Bloomberg.com,https://news.google.com/rss/articles/CBMidkFVX3lxTE9TSHByVERBLU9yY3ZzenhqaWt0S2xVaVBOTVV0SlYwbV9BbzBUSzhUUnZSaFRwSVFiNkJjdTctd3Z1NDYwZUFRQm0tRzhwbnN3UFNERjI5NUtueEVFRTd5dXpRMklaOGZCZ1B2NTg3eV9xYno2ZWc?oc=5,"Wed, 17 Sep 2025 07:00:00 GMT",2026-02-15T07:57:50+09:00
GoogleNews:AI　買い物,AI　買い物,宇宙、AI、買い物、ネコ。2025年のギズモードをPVで振り返る - ギズモード・ジャパン,https://news.google.com/rss/articles/CBMibEFVX3lxTE9aa3psN0lUdE9faEJ1LUNRakk5aGNGWjFkVmRHSUxzUFphZVoxQzJtTGEzX2RRVzRPWTJpSW5GQ0hVVGF3dWdKOGdWdkZkQW5meUtxYkJoOWlYeG0tS0c4T2JMQmhBSjVYMkNZeA?oc=5,"Wed, 31 Dec 2025 08:00:00 GMT",2026-02-15T07:57:50+09:00
GoogleNews:AI　情報検索,AI　情報検索,AI開示情報検索サービス（J-LENS）（β版）のリリースについて | 日本取引所グループ - jpx.co.jp,https://news.google.com/rss/articles/CBMifEFVX3lxTE1EX3FyUzRwUkN6ZFpsV05Edm9lQnpIOWNHZFdGX19xT3NfUEpwRDZEczNHbGFvc1djU3p2eGE1SDU2ZWlCNXRiU3NkaWlKT3dLa0Z2ZnBGaEVVdDFyNFpjZjFtM3dPV1FZWmVINzJ3eVZMbXZsQ3JFZFUxeXI?oc=5,"Tue, 09 Dec 2025 08:00:00 GMT",2026-02-15T07:57:52+09:00
GoogleNews:AI　情報検索,AI　情報検索,AIで情報検索すると従来のウェブ検索に比べて身につく知識が減る可能性がある - MSN,https://news.google.com/rss/articles/CBMipwVBVV95cUxOOEhMUDVPZG1sVEFsNG43TWgzVmVyajFuU0FhempYY0JxMlY1ZG4wS3JfQWk4MGNLMHJBXy1BTHI4WEhNYjJkb0RJVEdpNEtMM3k1QW1JcC0tajR1aW9WVnBEdDBiekVYSGFFZXdaX1l3UmFHX3NreXpnMkxPNEpaNXRRR05fRU91Z0VmVl9kS1ozZTAzWHlWYllPYjhsTzdpQ3VvcW9MdUhnb3YwaXh1SnF4LTZEYTI1RGFnbGR4TjdxajN5UUJsaFkyTDRsZGJDOGw2NVBZYllzMUpXNjZ1WXU5dFU2c0lydFk2T3ZoajlvMGNOQm53cjAyT3ZoSjlNWXdic3NNYmJfSkdDWmc2emZOVzRZV0hfdnFGQm1FalJ5S3FIcEZrVjYxSUVnOGN0NFFERjFJU3VxRE0xRTFiNEJXYTdPUWNfTElzeXFwanh4cU91czB6YjFQRERvS1JMT043X3Q4WWRFdzV3ZkotSXJaLVFxRzMtRWdWUEYzcUxkaHVkLWtmRE9Ea0JOT3U3M1VlQkVhY0pFZ0NTZTJ6X0JNWXAzSFdOYjNPNTZlU1pMVDNkYnkyaXBUaUlQUVhZa1pxb0JYVFR6TU1tVjhhVEdZdUNtUFMzd3B6Ym8tcUJPSmhGak1sWEMxZTE0SzBPQVRpLTFkM05pRkJQYmRWRTdYTlRmWk1pVmx3RTMyNmxydVBRUU4tb0xjLVBFWDlLLTBqR1hUZ1FFUFJsdzBrbERRQmVzZGJTYWVMYklISnpnb3hWR19IWnQ2aFZQWWtKQUpzZUcwOHFUeE1Bb3prei04b0tuUG1KM2ZzejdTWEpLZ29sYzB2Y3QzYWVNV1ZGVC1YV1lNbDYycjItYmhyQTdlekozZ0NENldCVWRFM3BRYS1vNzUw?oc=5,"Mon, 09 Feb 2026 11:47:27 GMT",2026-02-15T07:57:52+09:00
GoogleNews:AI　情報検索,AI　情報検索,検索結果を生成AIで要約 - city.kobe.lg.jp,https://news.google.com/rss/articles/CBMiVEFVX3lxTE9XdEZVUjVvMmNwMlBDZ3BvbDlkVkFfd2N5TDZKQ1FoOEtHWXctb0NKMXpWQVpKSThKUGM2WThHYlJwdTh4ei1pd2p0ejlfLWRSTUk2Xw?oc=5,"Tue, 13 Jan 2026 08:00:00 GMT",2026-02-15T07:57:52+09:00
GoogleNews:AI　情報検索,AI　情報検索,ChatGPTを「情報検索」に使うだけの人は仕事ができない。では、優秀な人の“賢い使い方”とは？ - ダイヤモンド・オンライン,https://news.google.com/rss/articles/CBMiTEFVX3lxTE1VQUxlaWZyX3Z6NUhvRENOaDloa0UzVzd5LWhZd0xDOWwybUc3RXRUNXFNUFFKekdYTGZral9QdDd0dGZQY0pkMUtuYlbSAU9BVV95cUxOZnoyYjE2YzlKYVRuWUFwb0xKODJ0VU4tUG11eDVIdE5NSG1hcDA2bTFOX1RqT3JSbnlBZG1mOVJrd2JlSkotOGFqYWJTQVZz?oc=5,"Mon, 01 Sep 2025 07:00:00 GMT",2026-02-15T07:57:52+09:00
GoogleNews:AI　情報検索,AI　情報検索,津波警報の発表中にグーグル検索、AIが「すべて解除」と誤情報 [AIの時代] - 朝日新聞,https://news.google.com/rss/articles/CBMiZ0FVX3lxTFBab0pKWkZNYVNTUUlwTHpUdXdPeFBEMEF4TnctdWQzU3R5eEgwbm5BalBzQW5XMVRqc0RnT3RnS3hvNUVZWkRyMDc2Q18tMlp3QzBoZmYtb1pGb3VnMGJKLUJGZk5vTjg?oc=5,"Wed, 10 Dec 2025 08:00:00 GMT",2026-02-15T07:57:52+09:00
GoogleNews:AI　情報検索,AI　情報検索,“ググる”の未来はAIではなく人間が作る 〜情報検索研究の第一人者 東京理科大学 植松幸生さんに聞いた - PC-Webzine,https://news.google.com/rss/articles/CBMiUEFVX3lxTE5oTmEwNVRWSXdCUVc3eE1IMklQS2dVNGhnLWc4TXZCQUhkdU5nWkxkYmxuSFhCU1I1OEpBbFUtdzUzdXdmdGc5Z0lkSTEyUGxk?oc=5,"Wed, 28 Jan 2026 08:00:00 GMT",2026-02-15T07:57:52+09:00
GoogleNews:AI　情報検索,AI　情報検索,旅行の情報収集トレンドが変化、旅先で利用したいAI活用法のトップ3は ―JTB総研「スマホ利用調査2025」 - トラベルボイス｜観光産業ニュース,https://news.google.com/rss/articles/CBMiVEFVX3lxTE5Ya1JnSWJQcHBkTkRMTDVKQjlZS0NCOEE3djBJLUlFWWdIOXNzM0FDSGNYRmZpSUVvRFF1el9kSWtORzhOT1d3c0FCN0ZUdDV0NjBnMA?oc=5,"Tue, 27 Jan 2026 08:00:00 GMT",2026-02-15T07:57:52+09:00
GoogleNews:AI　情報検索,AI　情報検索,上場企業の開示情報、AI検索サービス開始 JPXが9日から試行 - 日本経済新聞 - 日本経済新聞,https://news.google.com/rss/articles/CBMibEFVX3lxTFA4OTlfQlZ6SEsyemRQU0V0TE84VUd4WjVaMjJ1VDlVTGg2OUx6eEM3eHQxZEtmaEU4OGQwMVgtRlBlR0dlcG1mWFNSNzhfdXIxWDhIaEpKQzFUT2Z0cXRSajEzV1VqQkxNZWlaVQ?oc=5,"Tue, 09 Dec 2025 08:00:00 GMT",2026-02-15T07:57:52+09:00
GoogleNews:AI　情報検索,AI　情報検索,生成AI利用者の44%が、検索エンジンの利用が「減った」。購買意欲の高い検索はECモール、情報検索はAIへと分散の傾向【検索行動調査】 - ネットショップ担当者フォーラム,https://news.google.com/rss/articles/CBMiXEFVX3lxTE54VnRwQm9sVTA2OEhjZDdrejV1QURZYnF5bDFkZjhYaDdSMmViYlFnaElNVGFmU1R5ZXZ6d0FZMGlTdEp6aVZ3V2ktRUlvY0IzdFdIZHJjRXpDaEpn?oc=5,"Wed, 10 Dec 2025 08:00:00 GMT",2026-02-15T07:57:52+09:00
GoogleNews:AI　情報検索,AI　情報検索,【調査結果】生成AI利用者の44%が「検索離れ」、半数がAI回答のみで情報取得 - シードの検索行動実態調査 - コマースピック,https://news.google.com/rss/articles/CBMiVkFVX3lxTFB4cENVVE9KOVBVaDZ2OTNFWE5NNjRpUkVuWWFWSWtDeFJnMURvTUN3NHhrRElDN2JMOGtEbFNMcVY5VEN3eEYwTWtlbzV0THFzZWRnbjRn?oc=5,"Tue, 09 Dec 2025 08:00:00 GMT",2026-02-15T07:57:52+09:00
GoogleNews:AI　情報検索,AI　情報検索,QuickSolution®がベクトル検索対応でセマンティック検索を刷新！社内情報の価値を最大化 ～キーワード検索とのハイブリッドで生成AI連携(RAG)の精度も向上し、意思決定を迅速化～ - Digital PR Platform,https://news.google.com/rss/articles/CBMiQ0FVX3lxTE44ZGt6RXJRYVQ0RFBKeXJkLXV0OHJsU3ZEWDAxcmpfeFVzQWVINDJjaGFDVF9nQ25hVTdSdkU0LW5lbWc?oc=5,"Tue, 27 Jan 2026 08:00:00 GMT",2026-02-15T07:57:52+09:00
GoogleNews:AI　情報検索,AI　情報検索,AI検索エンジン：安全か？ - Malwarebytes,https://news.google.com/rss/articles/CBMiekFVX3lxTFBFZHhDVGxnTU9XQXJ4cXF1WE1PbjNnbDVIbVZnS2NyTldDZm4zVHQ0dUlvalgzVzRjY1BsZ0I4ZzVHUC1ZNnN2TkhVRm1lWGtxd2pXY1ZfaXhib1NENE9IVWJ0ZlU3Umg4NDdPdmwtRWlfaFF1WTdzSkdR?oc=5,"Sun, 27 Jul 2025 22:18:38 GMT",2026-02-15T07:57:52+09:00
GoogleNews:AI　情報検索,AI　情報検索,Felo（フェロー）とは？日本発AI検索エンジンの特徴や使い方を詳しく解説 - AIsmiley,https://news.google.com/rss/articles/CBMiV0FVX3lxTFBqUF9aeC1fQkhoNkp6UENVNlgza3JzRk5TNjdIclA1RWNsWXdtVlBLejdjUzNhMXlBVFVUN3p4MHVWQmhEOGIteWZjYW5PWmQ4UGRqRDZGbw?oc=5,"Fri, 17 Oct 2025 07:00:00 GMT",2026-02-15T07:57:52+09:00
GoogleNews:AI　情報検索,AI　情報検索,KDDI、閉域網内で情報検索と回答を生成するAIサービスを開始 - ZDNET Japan,https://news.google.com/rss/articles/CBMiU0FVX3lxTE9mZ2d0NjdTajlGbVprbDJxYlNyc05ZRmFzb1RSN1JZN3pmZWNtSXp4U0lEZXJvLWYwWDhGUk8wQ3lwSVh6cGNmNmZXbXpkdWk4dHZn?oc=5,"Wed, 17 Sep 2025 07:00:00 GMT",2026-02-15T07:57:52+09:00
GoogleNews:AI　情報検索,AI　情報検索,東証、4000社開示情報のAI検索サービス 関税影響など一覧表示 - 日本経済新聞,https://news.google.com/rss/articles/CBMibEFVX3lxTE1qcmN5NDFfQzhPeVdxYkVacWdvU3ptQzJ2YjFBUDZzVldMbm1icWZDY1JhX25vSk9CTkQ1U09DN1FUTHlzaVpGNUhQUzhQZVJRMEg3aFd5TE83S2plUi1saEJSdlRCbHZJNDZOMA?oc=5,"Tue, 08 Jul 2025 07:00:00 GMT",2026-02-15T07:57:52+09:00
GoogleNews:AI　情報検索,AI　情報検索,AI検索時代のコンテンツ最適化を支えるサービスとは - PC-Webzine,https://news.google.com/rss/articles/CBMiUEFVX3lxTE5ETFQzeFV4UDViWmpmbXJMdC1UZXZSWWtua2ZRX1pRME1rc2tWZVRaRWt1QUQtdjJVWVJnbmVzNVc4czJyU0Y4RHgtejdpWklv?oc=5,"Tue, 04 Nov 2025 08:00:00 GMT",2026-02-15T07:57:52+09:00
GoogleNews:AI　情報検索,AI　情報検索,｢ゼロクリック｣でも顧客獲得 AI検索、企業がすべきこと - 日経デジタルガバナンス - 日本経済新聞,https://news.google.com/rss/articles/CBMijAFBVV95cUxPRHJzRE5XUEV1OHUxZTdxc3FXTE45NjNNem5OWGw2bVlydzFqNW4xWlBlcWwtT0t4ZUM5cU5XU0RXRlBFRndIWndsS2V1NEtkb29yQmlTNHo5UDVMaFE5NmhTYlNhVDlvWF90T0hEdG9BZ3Z3anptdl94YkVDN3BSTmZOWEdCNWZRZEdMTg?oc=5,"Wed, 17 Dec 2025 08:00:00 GMT",2026-02-15T07:57:52+09:00
GoogleNews:AI　情報検索,AI　情報検索,生成AI頼りのネット検索に注意 Googleの条件検索で情報源を明確に - 日本経済新聞 - 日本経済新聞,https://news.google.com/rss/articles/CBMibEFVX3lxTE14V01pR2tFYi1hdU1DblFiSzhMVUYzdVhHQkdoSjdNVnphSWRoZm9nTExFckJuaUFveXJHaDl0bWd4d3ZWWUR1T2J4QVpoWWp1Q3MwSVNLZVNuSG1uUWFfYmtuUC1iQmotelpVYw?oc=5,"Sun, 03 Aug 2025 07:00:00 GMT",2026-02-15T07:57:52+09:00
GoogleNews:AI　情報検索,AI　情報検索,利用するSNSの上位は「LINE」「YouTube」「Instagram」。情報検索は検索エンジンが8割超、生成AIに質問が約29%に急上昇 - ネットショップ担当者フォーラム,https://news.google.com/rss/articles/CBMiXEFVX3lxTE04QXVhcVBWNEdNbGo0T3U5SFhzcDhsM1hWeVdZOXZ0WGluRHZwUVRiV2QzNmROeDdvMlRhTmJKeGxraXlxLV9fVVJrY1JtUjVyVWp6QlBXdFdzbWcz?oc=5,"Tue, 23 Dec 2025 08:00:00 GMT",2026-02-15T07:57:52+09:00
GoogleNews:AI　情報検索,AI　情報検索,三菱UFJ信託銀行、営業店における情報検索に生成AIアシスタントを本格導入 - デジタルクロス,https://news.google.com/rss/articles/CBMiY0FVX3lxTFA2TDdtUmxvVVlKMGZ2aEViYzA2VHIwUXg3ZzBCZE0zQldWWmxxRUNGc1JqRHJEZFRaQXl0MkdNSWwtdWVOVzVwMlg3M2RUaE90M240VG50SFNpY1U4MVRjRE5mWQ?oc=5,"Mon, 22 Sep 2025 07:00:00 GMT",2026-02-15T07:57:52+09:00
GoogleNews:AI　情報検索,AI　情報検索,ビジネスの情報検索を革新するAIエージェント──インターネットという巨大図書館の攻略法 - Forbes JAPAN,https://news.google.com/rss/articles/CBMiWEFVX3lxTFAxamFUaDRoMWhQazh5WmZud2dHUnFXbHFLYjFrYnU0c3pFQ3cwa0c4MGs2RUlMbVJyMTA5dk5ES2hLS1c1akh1a013V1p6Q2FwazZIRUhQNS0?oc=5,"Tue, 27 Jan 2026 08:00:00 GMT",2026-02-15T07:57:52+09:00
GoogleNews:AI　情報検索,AI　情報検索,日本原子力研究開発機構、「研究開発成果検索・閲覧システム」にAI検索を試験導入 - カレントアウェアネス・ポータル,https://news.google.com/rss/articles/CBMiTEFVX3lxTFAzNTU5SkpvZ2tSaE1iNkRxVFI5bWNsZHlLa1VxdWo4VVdpVG5oengtV1VpOXhMWkY2NURxVWlZMWlDNHRJc3J4aDdtMUQ?oc=5,"Fri, 16 Jan 2026 09:11:15 GMT",2026-02-15T07:57:52+09:00
GoogleNews:AI　情報検索,AI　情報検索,Google検索に“AI要約”が実装されても9割の人は「それだけでは不十分」と回答：SEOは終わらない - ITmedia,https://news.google.com/rss/articles/CBMibEFVX3lxTE5pYlRjcGhNUjg3RmtjYmxpZk9MRmpWQV9OVF9sQ1kxQWlYTG1lUXNTM052M05TODJfSlFUbjRfSGhLaWVKYU96aXpTUGZLUlctQmVIWHBJM1JLU1V3WWdoUlRTbWhyR0FEWTdHQQ?oc=5,"Sat, 15 Nov 2025 08:00:00 GMT",2026-02-15T07:57:52+09:00
GoogleNews:AI　情報検索,AI　情報検索,ひふみ株式会社、JPX総研のAI開示情報検索サービス「J-LENS」（β版）に生成AIによる高度な技術支援を提供 - tv-tokyo.co.jp,https://news.google.com/rss/articles/CBMibEFVX3lxTE5PY2R3b0RxRVV1YlR0c09KSTV3ZmYxNVV0NFJ5UjBoQng4eUQ5cHpISXhIMXJVQzZEUFc2Ty1sLWhXLWJOaXA2YmxqRkYtMnJLZ2pQc3l5UDRWWUlsU3pScVVjdDduVjFCQkVTZw?oc=5,"Wed, 10 Dec 2025 08:00:00 GMT",2026-02-15T07:57:52+09:00
GoogleNews:AI　情報検索,AI　情報検索,非常に高速で多様な情報検索が可能に！～生成AIやECサイト検索結果向上から地震の波形探索への応用まで～ - u-tokyo.ac.jp,https://news.google.com/rss/articles/CBMiaEFVX3lxTE94TG1FMXlqZHlpMGFKbnRJUThZci1iNk1vemtXcXF5WjI0ZDMydlFkS051WGxRSmN5bEhuV2c0M1Y0ZFZXQWFEdnN0cHUtYU1ZeHdoRUZibGdIQkQxOW9MRnZNV1dsUDJ1?oc=5,"Thu, 12 Jun 2025 07:00:00 GMT",2026-02-15T07:57:52+09:00
GoogleNews:AI　情報検索,AI　情報検索,AI検索時代の情報配信をワンストップで支援する『SNS投稿・運用代行サービス』を提供開始 - PR TIMES,https://news.google.com/rss/articles/CBMiakFVX3lxTE1jY0h6ZFZ0eVUzRV9FZnNYZnlfSUpUdXVIWHR6X19ucGpIRTRFbGVuN2lqMkJTbDY5aVFTUE5RbUhTOE9XVHRmcjhnaXV4Y2ItZjdxOHVKWjVvakd0ZW9TWEJralZWd0JYMlE?oc=5,"Tue, 09 Dec 2025 08:00:00 GMT",2026-02-15T07:57:52+09:00
GoogleNews:AI　情報検索,AI　情報検索,住宅分野の消費者の生成AIを使ったWebでの情報検索行動の実態を可視化、業界初「生成AI対策/LLMO弱点あぶり出し調査」サービス開始、生成AI時代のWebマーケティング戦略を立案（ニュースリリース） | 大和ハウス工業株式会社のプレスリリース - PR TIMES,https://news.google.com/rss/articles/CBMiakFVX3lxTFA0V0Nqc1ItcEtfcnF6QUV6Q2FYX0pLcFBYTVVId3VWeXBmMUNWVFgtVGhCOWJmbHU4Y0F5V3Q1NzRBSVNVR1MtaWZvRGpzdmxlbFBOdFJvMjFqODZ2WXFMNXVGRjNUSU9wNUE?oc=5,"Wed, 14 Jan 2026 08:00:00 GMT",2026-02-15T07:57:52+09:00
GoogleNews:AI　情報検索,AI　情報検索,【「AI検索最適化」対策方法を探る】ベースは従来のSEO、「一次情報拡充」が必須＜対策チェックリスト付＞ - 日本ネット経済新聞,https://news.google.com/rss/articles/CBMiVkFVX3lxTE1laTR3UFplcHlxelRoR0p4WmVmT0FpY1ZwLTh0MXVSSnFtWU16U2oxdkNYY2tNelA0NllzVUljaWpTY01DVVBRcHowUkhpVXNTZEFkZ0dB?oc=5,"Mon, 29 Sep 2025 23:05:41 GMT",2026-02-15T07:57:52+09:00
GoogleNews:AI　情報検索,AI　情報検索,AI検索はまだ“お試し段階”？60代の7割が『Google・Yahoo!検索』への根強い信頼感（スマホライフPLUS） - Yahoo!ニュース,https://news.google.com/rss/articles/CBMif0FVX3lxTFBoRTBXcEpWZXBxUkRrWWo0Z2pOVE5XY2tZRFdWdWtja0hQd2JZXzVvUTBaUHNFdFBzSmNZTFF1aFd1YkdTYUNoeUJkTVRleUtBOGJ0RGV2ZmczVGU0QTZFYWE2cjd2MFpicXBubF9LaXZrbF93S25vc0oyLTJURkk?oc=5,"Wed, 03 Sep 2025 07:00:00 GMT",2026-02-15T07:57:52+09:00
GoogleNews:AI　情報検索,AI　情報検索,KDDI、AI検索サービス提供へ Google Cloudと提携 許諾コンテンツに限定、「情報の無断利用」にNO - ITmedia,https://news.google.com/rss/articles/CBMib0FVX3lxTFBIMEVtZUtSZVhvdmxtQmZMRXRLUlBETHNDOTRpSzlBNzJsUzY5OVpUaWY0eUppa29qZEw2dXlBWE9WS1UtVm1TUVhVZnJRaVVRN2JuQTdaeW1aekM3MHVWbjE2Z1VfcjRMSDlTNkhDYw?oc=5,"Tue, 28 Oct 2025 07:00:00 GMT",2026-02-15T07:57:52+09:00
GoogleNews:AI　情報検索,AI　情報検索,【前編】30代100人に聞いた！AI検索vs従来型検索（Google等）のリアルな使い分け実態と信頼性|SEO会社ランクエスト調べ - ドリームニュース,https://news.google.com/rss/articles/CBMiVEFVX3lxTE1qVkJhenhLNWVDVzk2UzY2S1N3VzExRmpWTG11OWRjSWE1RHl5eHNsa3B6THVkejJDZVRUUFRZWHB4SjFub08wSXcwd3ZocXpUdTNKbA?oc=5,"Wed, 13 Aug 2025 07:00:00 GMT",2026-02-15T07:57:52+09:00
GoogleNews:AI　情報検索,AI　情報検索,40代の検索行動調査：87%が従来型検索を主軸に、AI検索は創造的用途で活用の実態が明らかに - コマースピック,https://news.google.com/rss/articles/CBMiVkFVX3lxTE9qMmh3ZDVzcm96RUVjT3dyWlZlcGpNbjNIODlMZkd0TmFqVkF4RXNwN0h3MkVNNXZuUEZxVXc2VEZ5S1Jua2I1aV9scmFscVdKTUVfaEtn?oc=5,"Thu, 31 Jul 2025 07:00:00 GMT",2026-02-15T07:57:52+09:00
GoogleNews:AI　情報検索,AI　情報検索,グーグル、「AI Mode」に「Canvas」など4つの新機能を追加--検索体験がさらに進化 - ZDNET Japan,https://news.google.com/rss/articles/CBMiU0FVX3lxTE1udV9LMnByMWY5bEhKZzRpSS1UZzUwWEdacm9MNU5oemh3dG5xdkJWZTVjTEdMYjVNVHN4aUxvb2w3SjhGbnd2ODNBVDE4UWZxeXZn?oc=5,"Thu, 31 Jul 2025 07:00:00 GMT",2026-02-15T07:57:52+09:00
GoogleNews:AI　情報検索,AI　情報検索,生成AI利用時やCopilotによる検索に潜むリスク - PC-Webzine,https://news.google.com/rss/articles/CBMiUEFVX3lxTE41MjR3c1NaelA4TTJBcDVqQVNmQi0xLU1PbTRaTU1Wd0VkVEJxTWEtbGJtbU1oRS1JU2hueUhPNjMtdjJucXNkZHFwMjJsTGUt?oc=5,"Fri, 31 Oct 2025 07:00:00 GMT",2026-02-15T07:57:52+09:00
GoogleNews:AI　情報検索,AI　情報検索,【独自調査】30代男女100人に聞いた！AI検索vs従来型検索エンジンの使い分け実態と信頼性調査結果 - コマースピック,https://news.google.com/rss/articles/CBMiVkFVX3lxTFBqNVhCYlBFemdMWGdzQ2lfdUt1a0U3NGRtc1p3azREU2paLUlHRHBEWjM2bW96ZnNIcVNyWnVFOFduWll0S24wa1pDWXc3N2QxWWVlQUhB?oc=5,"Tue, 12 Aug 2025 07:00:00 GMT",2026-02-15T07:57:52+09:00
GoogleNews:AI　情報検索,AI　情報検索,ChatGPTで医学論文を検索するには - 日経メディカル,https://news.google.com/rss/articles/CBMiigFBVV95cUxQRUx1eTJkNUpFc0xkVThMR0hTSVkzamZFbk40aFNuZ2xNUklvYXVVS042Q0FSSlQwUkxqUGMtNUxCckkza0NocG96RTh3T0VGS3FKd1hJVExFc1hIbFVQTl9UbTJBdzZfRm9qSXpZNUZPYkJJRkZqU2Y1b0lYMDlLekV2RkdEVFVERmc?oc=5,"Tue, 28 Oct 2025 07:00:00 GMT",2026-02-15T07:57:52+09:00
GoogleNews:AI　情報検索,AI　情報検索,ARグラスでもAI検索？SnapchatがPerplexityと4億ドル規模の提携 - Mogura VR,https://news.google.com/rss/articles/CBMic0FVX3lxTE1CUkxaNEZPOFJta01YbFdvQ3Rzd1FFenl4b1REMktQYkZESWF1ZDg0TlIyNnI2dVRiUXpCOThDYWtCTVBpbWs0WnA5bDZiWkhZQkNxVk53ZXhLNEdyWWdfQzFTRjZsS3ZpZ1ZsUVRmTUtpQVk?oc=5,"Tue, 18 Nov 2025 08:00:00 GMT",2026-02-15T07:57:52+09:00
GoogleNews:AI　情報検索,AI　情報検索,問題出題と情報検索の兼用AIシステムをリリース 利用価値増大・運用負担軽減の一石二鳥を実現 - アットプレス,https://news.google.com/rss/articles/CBMiTkFVX3lxTE55Zkl3a25USzhXRlV1dmRZMDkyQVYxLUNNUDZhQTlkZlkwdzIwaU9BUEVnMlVHdURGdTFBX0NCc2RYZ25PZy0tNTlOTXBBZw?oc=5,"Thu, 11 Sep 2025 07:00:00 GMT",2026-02-15T07:57:52+09:00
GoogleNews:AI　情報検索,AI　情報検索,生成AI、情報検索で圧倒的存在感 前年比20ポイント急上昇 JTB総研調べ - 観光経済新聞,https://news.google.com/rss/articles/CBMiVEFVX3lxTE90bHdPNUl2Rm80aUhNZUpHeF9jZnFYdi05QzlvVTZmSGhSaFdQZkxGb290OXJzdmFNU045UzBkUlRsV05FVXBkUUlSM1J5Vi1JVE42QQ?oc=5,"Tue, 30 Dec 2025 02:01:59 GMT",2026-02-15T07:57:52+09:00
GoogleNews:AI　情報検索,AI　情報検索,【アンケート調査】AI浸透率80%超！情報検索から「心のケア」まで、日本人が明かすAI活用のリアルと懸念 - PR TIMES,https://news.google.com/rss/articles/CBMiakFVX3lxTE1PQUYyZGI3b2RFc3N3Y2RjTVJ2aWszVGg3UG92NFZ4ZDYtZXRUM25iZlphN1ZtSXpqZkJLNWdlY1U0bm42XzhYeEpCTFlMV2pfZVlhUFY2MnJjTlRMOXJJUkZfUWVOQ1JqOUE?oc=5,"Tue, 15 Jul 2025 07:00:00 GMT",2026-02-15T07:57:52+09:00
GoogleNews:AI　情報検索,AI　情報検索,「警報・注意報は解除」と誤回答 グーグルＡＩで津波情報検索したら… - 朝日新聞,https://news.google.com/rss/articles/CBMiXEFVX3lxTE1iZHhwOWF1VFdUaUNINE1vamhQcERMcVN2eTJYMFdHVmFVWkNCNzZ3SUZVanU3eFBVcDJDSzhfbUQwN1Z1eDFJR1RLQ0o1UzVHUFFGbERncGpmMjlF?oc=5,"Thu, 11 Dec 2025 08:00:00 GMT",2026-02-15T07:57:52+09:00
GoogleNews:AI　情報検索,AI　情報検索,セキュアな環境でAIを活用した迅速な社内文書検索を実現する「KDDI Conata Data Agent」を提供開始 - PR TIMES,https://news.google.com/rss/articles/CBMiakFVX3lxTFA3bUQwUnlMV0NtN0p4UFJ5Tm80aFBrX1RhcTU3VUlOQ2pOU094T0J5U0VtVWdTRFJMWExMczZpVjRkU3lxRl83eGhHNzJFZUNkZ1F5ZDMxUXZtRXdpZHpqU3loVnZBMmJ4TWc?oc=5,"Wed, 17 Sep 2025 07:00:00 GMT",2026-02-15T07:57:52+09:00
GoogleNews:AI　情報検索,AI　情報検索,業界初、「探す」から「話す」へ。ARCHAIVE、製造業AIエージェント「チャット型データ検索機能」をリリース。AIが膨大な社内データから必要な情報を瞬時にピックアップ。*1 | 株式会社STARUPのプレスリリース - PR TIMES,https://news.google.com/rss/articles/CBMiakFVX3lxTE5PcEFyR2NxNElUOFJKenVSelRVMTlXYUJIb2xxQ2p5VV9GV1dLSTRBTzFRdE5pU2JqTko0ZXBFSm5mSG1rZ2ZneW53bFpzOWxzeHVsQ1pBR0owNXRJMzFIZEpfaGg3X1huM1E?oc=5,"Mon, 28 Jul 2025 07:00:00 GMT",2026-02-15T07:57:52+09:00
GoogleNews:AI　情報検索,AI　情報検索,生成AIで文書検索が変わる DX統合パッケージ『eValue V Air』に「スマート検索」新登場 - newscast.jp,https://news.google.com/rss/articles/CBMiR0FVX3lxTE1pUkk1YnhlT0tqVkNrcVdrc3BZX1lSNXY1anVMeGxnWTUyM29UbHNJa2pwRTFnQmxYZjNBczNacDNLWlZtd3V3?oc=5,"Wed, 19 Nov 2025 08:00:00 GMT",2026-02-15T07:57:52+09:00
GoogleNews:AI　情報検索,AI　情報検索,｢検索｣の歴史、7万年遡ったら、AIがどんだけヤバいか見えてきた - ギズモード・ジャパン,https://news.google.com/rss/articles/CBMiY0FVX3lxTE95Xy14MlN1SVJZdlczNFUwa0hpTm9mV2NYLUpHS1BqV0lIenVDME9KTExwUWtwR0o0YV9pRGFuRUQ0czlhUUZqTjdCVVRGRXRDOXltY25pUkszc0wzLWlndHNIUQ?oc=5,"Tue, 19 Aug 2025 07:00:00 GMT",2026-02-15T07:57:52+09:00
GoogleNews:AI　情報検索,AI　情報検索,2025年の検索行動調査結果：SNS・生成AIの影響と変化するユーザー行動 - コマースピック,https://news.google.com/rss/articles/CBMiVkFVX3lxTE5IbFFvalpEYnRhd014YVJ4NC1aRHJESEk4MHFhbHFWZHgwbmdvMzJDekhqY1lmdmplOFhwa1NvY2IzUjYzanlDeGotQklJSnBDb1pIUm1R?oc=5,"Fri, 11 Apr 2025 07:00:00 GMT",2026-02-15T07:57:52+09:00
GoogleNews:AI　情報検索,AI　情報検索,AIが拡張する「ググる」体験 Google検索トップに聞く「AIモード検索」 - Impress Watch,https://news.google.com/rss/articles/CBMiZkFVX3lxTFBmRERRT1dlYV8wcGxmNlgwN1B5SGk0b3VtRVZxbkpPVkk2RlZieEQ0UGJ6VWMyM1RBN1E2dS1oSkxGdmJwUVk5RllSZjBLM1VGUUZxRlMyMnhyVkZTV09iTVRmdjVCUQ?oc=5,"Thu, 22 May 2025 07:00:00 GMT",2026-02-15T07:57:52+09:00
GoogleNews:AI　情報検索,AI　情報検索,AI検索はまだ信用できない？ 20代の半数が情報探しでは“従来型検索”が依然主流という現実（スマホライフPLUS） - Yahoo!ニュース,https://news.google.com/rss/articles/CBMif0FVX3lxTE45d1F2Q3hmem1oU2xwbFk5SFIwMWFiUVAzM2ZVa1h2ZzhhTTRhbFZxTC1LZjN2YXdhMl93MFlfejRxcnBqdmp1dFBDRV9PMGE2Y1lTdG5qeFZyNEJ1RjYyZEVJd2JrTGRlYWdBcm5rRm5PbWMxYjljbS1sS29mYVE?oc=5,"Tue, 02 Sep 2025 07:00:00 GMT",2026-02-15T07:57:52+09:00
GoogleNews:AI　情報検索,AI　情報検索,【イベントレポート】WeWork が生んだオープンイノベーション ＪＰＸ総研 AI企業情報検索サービス「J-LENS」リリース発表会を開催 - Digital PR Platform,https://news.google.com/rss/articles/CBMiQ0FVX3lxTE9qM3dhRFIxYkc2NUJSSlU5amkzekx5RXpUdnowTUpsQVFaZHJNeTNiNzVJeWVyQXc0aDdYMVlQMWdvaTA?oc=5,"Fri, 09 Jan 2026 08:00:00 GMT",2026-02-15T07:57:52+09:00
GoogleNews:AI　情報検索,AI　情報検索,ブランドクラウド、「AIO/LLMO施策」でAI時代に新たなブランディングを提案 - PR TIMES,https://news.google.com/rss/articles/CBMiakFVX3lxTE8xNDVQaUd0dFF3akRrOE5kM0YwTmdOcmVYNVZOWm9fbDRYdmJzakViWDJQU2lqdGdQcXpmQmw1QVBnUW9VTFVOdFNPaVU4a3pTVHZDYTljYnlWVG1aLXBlRV83Mm91anZqVHc?oc=5,"Wed, 15 Oct 2025 07:00:00 GMT",2026-02-15T07:57:52+09:00
GoogleNews:AI　情報検索,AI　情報検索,Google検索に「AI Overviews」が組み込まれた“本当の狙い”を読み解く：Google検索の進化に注目【前編】 - ITmedia,https://news.google.com/rss/articles/CBMibEFVX3lxTE90Z3NScml5dldFSU9TQkFzeF85SWFZNzc0eVFvWkNBY2IxTTdGWHNoQWxMR2lieWRaQTYycEJpak9TenF4TTJCTUVUeGVFOV9Wd0hETWhoVDNYLW51b0hUQm5yd1h0aS03NVp1SA?oc=5,"Fri, 06 Jun 2025 07:00:00 GMT",2026-02-15T07:57:52+09:00
GoogleNews:AI　情報検索,AI　情報検索,10代の検索ツール使い分け調査：『Google検索 vs AI検索』の信頼性と活用シーン(SEO会社ランクエスト調べ) - PR TIMES,https://news.google.com/rss/articles/CBMiakFVX3lxTE9BdnE2SnNIZGduekxQeFE1UHZIRHBOX3Vib1dCcFdDblpuUFAyMUtLY2UxM1VsTXgxcXhfc2xNY1dqbnZpVzlHZDZFZ3l2WHRSOGJXYnpNYTRNdUxmZU53WExheFdjbllIY3c?oc=5,"Tue, 29 Jul 2025 07:00:00 GMT",2026-02-15T07:57:52+09:00
GoogleNews:AI　情報検索,AI　情報検索,SEO記事生成AIツール「リテラ」に「ウェブ検索」機能搭載で最新情報も踏まえた出力に | 株式会社BringFlowerのプレスリリース - PR TIMES,https://news.google.com/rss/articles/CBMiakFVX3lxTE1BUVBuRTR6WkdldDB3Q2kwMGMxSzdiWnRHRmRVYklDUzVGblRjNkxXT0M0UjFHZDlKbFlRQW1GZDJ6M1pyZWRUVVV2XzY2VUk4amVlWjJ3LXExbHdxMGtBZTZfUEdhb3pKd2c?oc=5,"Wed, 27 Aug 2025 07:00:00 GMT",2026-02-15T07:57:52+09:00
GoogleNews:AI　情報検索,AI　情報検索,日本発の次世代AI検索プラットフォームFelo、15億円の資金調達を実施・・・非英語圏のAI情報格差を解消 - media-innovation.jp,https://news.google.com/rss/articles/CBMiakFVX3lxTE9walF1V0tkcjVuZmJMeEtudGpTcHVkZ2lOS2lGSF9yeF9GUkJCcUdXUFBNUUEtQ25pNzZYdHFLcTNJSlQyaHhkaXF3MlFnbkZpOF90aHcyelBhMDZsT3hYd1A1djdYNW4yQmc?oc=5,"Wed, 09 Jul 2025 07:00:00 GMT",2026-02-15T07:57:52+09:00
GoogleNews:AI　情報検索,AI　情報検索,グーグル「AIモード」始動、検索の未来はどう変わるか？ 対話型で情報提供、支配力維持へ一手 - JBpress,https://news.google.com/rss/articles/CBMiVkFVX3lxTE94VTdfMWJ6dzJqX1NUWkJIWkdkUHlwbWZiTWpqd1ZXSFFLemt0MEdfUTNkdXRiU3JPZVhtQlgtdFJId1JhVWNHbWtKdVpGSFJNdlR2M3RB?oc=5,"Wed, 11 Jun 2025 07:00:00 GMT",2026-02-15T07:57:52+09:00
GoogleNews:AI　情報検索,AI　情報検索,【2025年最新調査】検索ツールの使い分け、どう変わった？「検索エンジン・SNS・AI」、目的別の最新トレンドを発表！ - PR TIMES,https://news.google.com/rss/articles/CBMiakFVX3lxTE1QOWpHeU1sUUlmazJFSURVRjNRWVRReEdPdFk1Zm91WDZPZjFhenVRM09fSWxOQkluWkdpOUlUajFoVUFCRkg4aVhMSE1mSHp0bjZIRnRMM3Vnb050aGYxSHdiTTdWbXA3Y3c?oc=5,"Tue, 18 Mar 2025 07:00:00 GMT",2026-02-15T07:57:52+09:00
GoogleNews:AI　情報検索,AI　情報検索,日本から購入できる予定のAIグラス情報まとめ【2025年10月時点】 - Mogura VR,https://news.google.com/rss/articles/CBMiYkFVX3lxTFByUm9QQ2hrcjRJQjJzUWxUZW1ncU5pUGhDZjV2dHd3cUktNC13S2FlYTFpckl1Um8wMDRTR2xzU09ZUjZ4TTN0VW1xRlRobUpOMEV6akFGRlBYOWZWeV9MOWtB?oc=5,"Tue, 28 Oct 2025 07:00:00 GMT",2026-02-15T07:57:52+09:00
GoogleNews:AI　情報検索,AI　情報検索,グーグル、AIモードでビジュアル検索に対応 米国からスタート - Impress Watch,https://news.google.com/rss/articles/CBMiZEFVX3lxTFBWU3FJVktiXzF2ZzFpMldzejBNMExsY1NOOVhrYUZDemktb0hVSnk4MGw3T2pQXzB5VU5mNlN0bzRQQ3hrUnFsanZ4eEhhM1UyOGJKSHpzY3ZoR1BPMmhzeDNaZWg?oc=5,"Wed, 01 Oct 2025 07:00:00 GMT",2026-02-15T07:57:52+09:00
GoogleNews:AI　情報検索,AI　情報検索,ひふみ株式会社、JPX総研のAI開示情報検索サービス「J-LENS」に生成AI技術で革新支援 - ニュースメディアVOIX,https://news.google.com/rss/articles/CBMiR0FVX3lxTE8wZDQzeGpDR2JyV2lMQ182UGhDcWdLUEJMekQxS0lMam9WMDRMZDlMV2h0NjdsdGNDSjdnTXNVY0xmQ2ladzRn?oc=5,"Wed, 10 Dec 2025 08:00:00 GMT",2026-02-15T07:57:52+09:00
GoogleNews:AI　情報検索,AI　情報検索,無料のAIチャットサイトおすすめ10選！選び方や利用時の注意点も解説 - AIsmiley,https://news.google.com/rss/articles/CBMiaEFVX3lxTFBISGNtd2pFaHdjZFJVTWh6RFY1aWpJaHl3YjZnTF9feXhIVGNMS2JLXzh2UkhOMnNhQ21HbUtyQ250UE52SV9xMHp0R09OcTdrSVhfQTR4SS1qSnVyclYxWFpXOEZYRy1q?oc=5,"Thu, 10 Jul 2025 07:00:00 GMT",2026-02-15T07:57:52+09:00
GoogleNews:SNS　買い物,SNS　買い物,Yahoo!ショッピング、SNSを通じて誰でも気軽に始められる「Yahoo!ショッピングアフィリエイト」の提供を開始 - lycorp.co.jp,https://news.google.com/rss/articles/CBMiXEFVX3lxTFBkQWZKZVBxdjd6VkpOdGFRZzZqWk1jSG1HV0dMSDRQUTVQX2hIQXpMQlk5MU1CN2dfQUtpSnRnejhFX1FKU3FxbjBVTGQyd0lfekZVaVo4emIwUDJM?oc=5,"Mon, 26 Jan 2026 08:00:00 GMT",2026-02-15T07:57:54+09:00
GoogleNews:SNS　買い物,SNS　買い物,Faker「間違えて買いました」―“なにか深い意味が？”とSNSで話題を呼んだ「謎の買い物」、ミスだったことを正直に告白【LCK】 - FISTBUMP,https://news.google.com/rss/articles/CBMiY0FVX3lxTFBZbldKRWpfT0x3NUNsZU1xQkl4Wm1YQmdKUjgxbU9FSzJpRF9ZN2pLNFE0Q00xYWxtZjJUbUpBM2ZHSkQ4cU5iLUlybERkUXZVenlZSjZDckFMMTZOejVXR3hzUQ?oc=5,"Mon, 02 Feb 2026 08:00:00 GMT",2026-02-15T07:57:54+09:00
GoogleNews:SNS　買い物,SNS　買い物,Yahoo!ショッピングアフィリエイト刷新 SNS流入にテコ入れ - Impress Watch,https://news.google.com/rss/articles/CBMiZEFVX3lxTE1fekpQTDhBX2NGZG9JS1BCZUhPcDk3ZHpSd3puT29zZkE1QjR6YS00WTFRTGlOLUdPTmNsZnFkMnZLa3J0STU4dlJVdDIwX3FSanNHaEZQRURlSlJnejlUVGtGNlQ?oc=5,"Mon, 26 Jan 2026 08:00:00 GMT",2026-02-15T07:57:54+09:00
GoogleNews:SNS　買い物,SNS　買い物,SNSきっかけの買い物、「インフルエンサーから影響」が最多に 20代の6割近くは「商品知って1週間以内に購入」 - AMP[アンプ],https://news.google.com/rss/articles/CBMiXkFVX3lxTE5DRW40OVRvb1V2ZHRhaXZQa2YtNlZEZmZQZXNzTUJDMGg0N0E4d1dBam1CRi1JLVlJbzlhSUY1LWpUTHBhMmFyUkU1QkVvbjhTZkZYMWEzUUZUVmZZekE?oc=5,"Wed, 20 Aug 2025 07:00:00 GMT",2026-02-15T07:57:54+09:00
GoogleNews:SNS　買い物,SNS　買い物,ブラックフライデーが映し出す「デジタル社会での買い物」― SNSとAIが変える消費行動の構造（佐藤仁） - エキスパート - Yahoo!ニュース,https://news.google.com/rss/articles/CBMiiAFBVV95cUxOMkh0RWl6RkdMM2wtNENlRzgtMlZhbUJpSFlHQ0JUODNJd1ZPYm4wRm5PN0VqbnZUSUhWekxyY0ZRSWc0cmpaQUh3SmwwUlZic0pDc2ZDekhHMngzdXFjZE5zR2wwMVlYeFIyUTR0T2tRX1E4Zk1VSU1jd0lHclpNYWJlZi1HTEZD?oc=5,"Sun, 30 Nov 2025 08:00:00 GMT",2026-02-15T07:57:54+09:00
GoogleNews:SNS　買い物,SNS　買い物,【Z世代の買い物はSNSが主流に】Z世代の約7割は「SNSコンテンツ閲覧後の商品購入経験あり」 それぞれのメディアで購入に至ったコンテンツの違いとは？ - PR TIMES,https://news.google.com/rss/articles/CBMiakFVX3lxTFBtbTZ0SUhlTUt2RVR2ZDJBNlhYZDQtUzMwSlVSZS1DTjhxRWNZWG5wVFg0TTZjTkItaHdJa25FRElidjVvTXFlMkZEVWVva0d1MHUyZENVMHpobDNiYS1BSlA5UHZzODViT1E?oc=5,"Thu, 06 Jul 2023 07:00:00 GMT",2026-02-15T07:57:54+09:00
GoogleNews:SNS　買い物,SNS　買い物,楽天モバイルで通信障害「キャッシュレス決済使えず買い物に行けない」SNSに投稿相次ぐ…音声通話やデータ通信にも不具合 - ｄメニューニュース,https://news.google.com/rss/articles/CBMicEFVX3lxTE14Ynh2MTkwN1lLSlNzRzFmSm14M2lzS3VwWFV3eVpCYWNWTEQxTkxRaWY1MndhVUtlSE16a2NfcElhdUNPSDVqaHVaeng2QXktZFkyRkFhYUxmb1lvdFBKWUVCTEUydEs5ZXlKT182N0Q?oc=5,"Tue, 27 Jan 2026 08:00:00 GMT",2026-02-15T07:57:54+09:00
GoogleNews:SNS　買い物,SNS　買い物,ヘブンに買い物を頼まれたトキ、その奮闘にＳＮＳ爆笑「完全にモノボケ」 - Lmaga.jp,https://news.google.com/rss/articles/CBMiU0FVX3lxTE5lRktjYlVsYUJhRDBMTUVrQXUtelFuNEdZWGJ4ZzVscUVqbTdhM1k0eHhEZENoWkx6R3JnWVFvN3hDLVhVVmN5MmVhYzNZbVgyZWNz?oc=5,"Mon, 17 Nov 2025 08:00:00 GMT",2026-02-15T07:57:54+09:00
GoogleNews:SNS　買い物,SNS　買い物,【Z世代の買い物事情】InstagramなどのSNSをきっかけに購買…？ アンケート調査から見えた、Z世代の買い物の仕方とは - LIMO | くらしとお金の経済メディア,https://news.google.com/rss/articles/CBMiVEFVX3lxTFA2OERTX0dlQ0JwN19vblZldEFfSjF4NklxTTM0UUFWVDRlOHF1MGFISU04cG1RYUo1TUZPb0otelA5Z3FCQ3F4SlhyTzJvR2pMOHBkaQ?oc=5,"Sat, 08 Mar 2025 08:00:00 GMT",2026-02-15T07:57:54+09:00
GoogleNews:SNS　買い物,SNS　買い物,「通勤とか買い物にちょうどよさそう」オシャレ系特定小型原付『ウォンキー』にSNSでは反響 - レスポンス（Response.jp）,https://news.google.com/rss/articles/CBMiX0FVX3lxTE0yQTZUdF9NdEVOTi1rX0JZVnFiS2hJRkJqNmRpenI1aEhiN1pfb1pyUTlMNGlSRmxWQWRva0EwRXBwTTZjd3BXeWxpVEJnVWw4RGo2V3dNSV9heUlob3dR?oc=5,"Wed, 23 Apr 2025 07:00:00 GMT",2026-02-15T07:57:54+09:00
GoogleNews:SNS　買い物,SNS　買い物,買い物あるあるにSNS大共感 - emogram,https://news.google.com/rss/articles/CBMiR0FVX3lxTFBwdms3QW5TM01zRC1xN1EtX1J2QkMyWWlvSmF1S3VTUHdHbUV0ZmVfMHJyTXNlRWtEU3BybXdmRUlpWWN5eFNr?oc=5,"Fri, 22 Aug 2025 07:00:00 GMT",2026-02-15T07:57:54+09:00
GoogleNews:SNS　買い物,SNS　買い物,SNS詐欺に気をつけてね 木古内小児童 チラシとバッグ配布 - 北海道新聞デジタル,https://news.google.com/rss/articles/CBMiWkFVX3lxTE41TnBYUUdfYTNlZVlZTW1SZVZjMGo1NFRXV3NPWEM2eDk1VVhUMHRoLVNqLTREaHI5ZkRUVVVHZEFFYTh2UUNZeUttNldGV2xNV3ZrVXFmczhGZw?oc=5,"Thu, 13 Mar 2025 07:00:00 GMT",2026-02-15T07:57:54+09:00
GoogleNews:SNS　買い物,SNS　買い物,Z世代の「買い物は投票」ってどういう意味？ SNSを駆使した購買行動 - 朝日新聞 Business Hub,https://news.google.com/rss/articles/CBMiWkFVX3lxTE8tZXBadDRDR1hTNEVxc2xHWlVEckhZRloxTEVkOGlrMmdKX3VMN2VZNW9LeElqeFJUOXF4R1NMLTRHQ3dCclVCYUVycUNMNEtpeUpxQlMyOHBOZw?oc=5,"Wed, 09 Aug 2023 07:00:00 GMT",2026-02-15T07:57:54+09:00
GoogleNews:SNS　買い物,SNS　買い物,LINEヤフーがアフィリプログラムを「Yahoo!ショッピング アフィリエイトプログラム」に刷新へ。SNSからの集客強化などが目的 - ネットショップ担当者フォーラム,https://news.google.com/rss/articles/CBMiUkFVX3lxTFBXcDB1dnptQWlRd2NlMGpQVkhDcDBKZVhYTkRxNDF5T3lkd0QxY3cycUVfTG43WFFPMUs4S1JsaUtkN3BULUp2TF9GVGRaZVhsc2c?oc=5,"Fri, 01 Aug 2025 07:00:00 GMT",2026-02-15T07:57:54+09:00
GoogleNews:SNS　買い物,SNS　買い物,阪神優勝の記念セール、Ｓポイント８倍が再び！ ＳＮＳ歓喜「キター！」「買い物しまくる」（Lmaga.jp） - Yahoo!ニュース,https://news.google.com/rss/articles/CBMif0FVX3lxTE92OVphdjVyZ0t1dmItaXhwUjFNQmRqdlJ4TklaX2hnWG01TlFvR2VoLTA5SDVreDAzcHZFSTFoS3QtTzl4UjNNXzQ0UTBRZmRRV2lkM05pYUtpaEpzUGI0OVVhb3VQQ3BlWUZvTnZheVRiclY4dmVMRE1sVktxVGs?oc=5,"Mon, 08 Sep 2025 07:00:00 GMT",2026-02-15T07:57:54+09:00
GoogleNews:SNS　買い物,SNS　買い物,Z世代は選ばない 買い物はSNSの「お薦め」 - 日本経済新聞,https://news.google.com/rss/articles/CBMibEFVX3lxTFBWdm9tWXhCemtzNkZGb040RHhialZPZHo1bTFZU0pnZnkxb1d2YWFiUmMtWUhCMHNibW83MnNMaG83d3J6YXN2Vk9ibnZYcFRERmtaNnF4Q3hZVDkxcXk4UTlQelRiSm5Lb2tvVw?oc=5,"Sun, 16 May 2021 07:00:00 GMT",2026-02-15T07:57:54+09:00
GoogleNews:SNS　買い物,SNS　買い物,「買い物しない金曜日」がSNSで拡散。2月28日限定の不買運動でアメリカの消費者が求めるものとは - ハフポスト,https://news.google.com/rss/articles/CBMieEFVX3lxTE1pa1FrWVRQQy1vVXFPMEoyZVVxZkZPWU42OG0tSXJFQ3pvU1BZWXppeGNROHV4a1hmc0ZSYTNhMGIteTBQdjNiT0ttVlFReU9rVFQ2MElRdVJaY3FRbHJ3YUc5Skg1eE14SVZKS1ZvcmR2d0V1cU1iSQ?oc=5,"Fri, 28 Feb 2025 08:00:00 GMT",2026-02-15T07:57:54+09:00
GoogleNews:SNS　買い物,SNS　買い物,【Z世代の買い物事情】InstagramなどのSNSをきっかけに購買…？ アンケート調査から見えた、Z世代の買い物の仕方とは | 概要 - LIMO | くらしとお金の経済メディア,https://news.google.com/rss/articles/CBMiS0FVX3lxTE90anFHamFtT1VsdkFuTF95RHBRMjltYjRtSU5kNl9kWm5CNE1RNlEzRVpLUVFCU2E5SGxCcEZfeDgzS0tjYU1sQ0VXYw?oc=5,"Sat, 08 Mar 2025 08:00:00 GMT",2026-02-15T07:57:54+09:00
GoogleNews:SNS　買い物,SNS　買い物,「なんだこれーーー」伊藤英明、まさかの買い物にSNSざわつく「どこで買ったの？」「めっちゃほしい」 - ｄメニューニュース,https://news.google.com/rss/articles/CBMihgFBVV95cUxQSUU4ZzFtQnZqNHhxNGFyQmNYa0g1dV9PanpGWVpCRHZ5Z3FkX0U5bWI0NUl2d1QyM2pQUl9SQmd2WGF0Q3NhRnRUODF0Si1CNUdRRzJmRXlWMTBwVUFlQzRxXzhuVGMwZDB0SThqOTlqTE4xTEhDdF84Zk84TFdZNFJYMDNMUdIBiwFBVV95cUxOdjdSZWJaLXpQcFRYcmM1OU1vQkxaZW5QczRWMG5wUFdackFCdGdMalh1WDY3WXRQM011R3kzNUIxUVc0MEFKRC1vYm5yOVVIN1VqOHc0a2tvTnlMcDlkMTJISjMyc1VZTl9CMkpueWp3ZjYzR1diYkJyR2FsYmg3bkZCbW1nclAzVzV3?oc=5,"Sun, 24 Aug 2025 12:49:03 GMT",2026-02-15T07:57:54+09:00
GoogleNews:SNS　買い物,SNS　買い物,【Z世代調査】よく使うSNSは？ショッピングなどSNS利用目的は？買い物に対する意識や行動は？ - ネットショップ担当者フォーラム,https://news.google.com/rss/articles/CBMiUEFVX3lxTFBjcU9rYkt1Rk9DeDlkcXpHRkVHVWpvOVpwOWEtVTV2aWFFeTlQaWQ5R19sUnVtZ2Q0dHNoVVlKOGlwZVpZZDJhaENCUHkzS2tJ?oc=5,"Thu, 20 Jan 2022 08:00:00 GMT",2026-02-15T07:57:54+09:00
GoogleNews:SNS　買い物,SNS　買い物,【主婦層リサーチ】SNS利用と買い物行動についてのアンケートを公開 効果的な主婦向け広告手法が明らかに - PR TIMES,https://news.google.com/rss/articles/CBMiakFVX3lxTFB1UWZ5cVNNbU5mTlFza185OW5KWkR6bFc2MjY3VTNkNkF4ajV0TUFoelZzVXlfc255TWhsVXVpTnVOTFZIUmV2QWxvTkd2YkJCODJGeE5mTW5aeW1hUmsxQ0FzOGZydXBieEE?oc=5,"Wed, 11 Nov 2020 08:00:00 GMT",2026-02-15T07:57:54+09:00
GoogleNews:SNS　買い物,SNS　買い物,買い物メディア「your SELECT.」公式SNSのショート動画が累計1億回再生を突破！本格運用開始から1年で総フォロワー数も13万超 - PR TIMES,https://news.google.com/rss/articles/CBMiakFVX3lxTE5hNkNHYk9oeFBhSjZXTTlyNktQQzA3MmdKSzk3WE9vTlctcXpDb0FTVUhBZEowb0JLTkZtbEY5OF83ZTlQdHFOenV0elkxZDd5aWVtTjBVMUpkaGJjeTlfU3B4Z25HX0RaSVE?oc=5,"Tue, 03 Sep 2024 07:00:00 GMT",2026-02-15T07:57:54+09:00
GoogleNews:SNS　買い物,SNS　買い物,【2024年オンライン消費者実態調査】オンラインショッピングの際の情報収集、SNSを利用が28％ - PR TIMES,https://news.google.com/rss/articles/CBMiakFVX3lxTE1iR2YxU1BJTktzR0w3dUoxaXEwSUQ3Zmx6ZDNKbnVuLU85cXIwcmI5d3ZISTdPRkFNa292d2NGSXItOWhiN2JYSnltTmttdjM2ZHlndm5INGM1ZjcwYllIU3VIa2pVS2VLUnc?oc=5,"Thu, 04 Jul 2024 07:00:00 GMT",2026-02-15T07:57:54+09:00
GoogleNews:SNS　買い物,SNS　買い物,オンラインと店頭の架け橋になるのはSNSコンテンツ 買い物の効率化と楽しさが両立する店頭販促が鍵 - 宣伝会議,https://news.google.com/rss/articles/CBMickFVX3lxTE1lbm1Lb0l5WTN0UTVUalJaa0pSaXVBM2tiZXNlenExRzJlalM1Q2hYZllBWmJWWVdtYnRKa2Jib3I5ZFE2V1oyUzJWeENaUXFRSDZvQUdEOEZTczhWWHpTTmpzQVlCeE1NbEt2QldMT1NUZw?oc=5,"Wed, 29 Jan 2025 08:00:00 GMT",2026-02-15T07:57:54+09:00
GoogleNews:SNS　買い物,SNS　買い物,Z世代が「いい買い物をした」商品との出会いでSNSが急増、店舗での遭遇率は低下も、購入は店舗がトップ - トラベルボイス｜観光産業ニュース,https://news.google.com/rss/articles/CBMiVEFVX3lxTFBaUDV0cTFubWxBTktxbjk3NkpNTERhRV9iTzdYMHhuczlqbnlCMlo4Y1lrRTRaQ2hSY2VKVEkya2pscUNhTWxsbUFpb0wtY3c1bEZrTQ?oc=5,"Mon, 07 Mar 2022 08:00:00 GMT",2026-02-15T07:57:54+09:00
GoogleNews:SNS　買い物,SNS　買い物,SNSで話題を集めた“ショッピングカート”が、全国の保護者に感謝される理由 - スタジオパーソル,https://news.google.com/rss/articles/CBMiW0FVX3lxTFBoeW9zN3JPUDJkZ1gtOEEwUjNMUW9YMzNWNU5MWGFDeV9HYjNsNmRiemY0aG9xekRwVTVOTW1ZX1dhZjB5REc0SUE3eTNnTkh1dGNxcmhLWlJwNk0?oc=5,"Tue, 16 Aug 2022 07:00:00 GMT",2026-02-15T07:57:54+09:00
GoogleNews:SNS　買い物,SNS　買い物,「買い物依存症」「SNS依存症」 “止メラレナイ”はあなたの身近にも潜んでいるかも…？ - ABCマガジン,https://news.google.com/rss/articles/CBMiV0FVX3lxTFBHR1lPbktfT0F0WUh0NTNpRER4X2t1bUdIczJEZFoyTWlhMlR2MVc2RDhCTjAzVE91QzJkN29vQkstN3gzcm9mRk91NGs5MzhxSVltMWZ0aw?oc=5,"Tue, 30 Apr 2024 07:00:00 GMT",2026-02-15T07:57:54+09:00
GoogleNews:SNS　買い物,SNS　買い物,オンラインAI 接客×SNSチャットでECの買い物体験が向上 Appier (エイピア) とピアラが手がけるサービスとは？ - ECのミカタ,https://news.google.com/rss/articles/CBMiVkFVX3lxTFBSaXlpU191cklKZER5bzhZT292MDBISVR5MWxpdEhPV2xpUWVWYm5teEpYWGxVbHFoMXZybktCZnNWM0ZSTzQ3bjFINW5XeVBMYnFkMlRR?oc=5,"Wed, 10 Aug 2022 07:00:00 GMT",2026-02-15T07:57:54+09:00
GoogleNews:SNS　買い物,SNS　買い物,新しい生活様式に合ったお買い物提案、ＳＮＳで動画を配信してネットに誘引 - PR TIMES,https://news.google.com/rss/articles/CBMiakFVX3lxTFBnUjRWN1Vpb2IyMGtBQXNLcXFHV2FtNXJlbXNiTWF2Q2thQXU0dnJ6MS1vU19ZY0ZOcGR3cDV6NEx3S3M1U3FZUEVOVUl4bF9BRUpHWHl2a1o3S3hOR1Ryb3d5aTVGOGh5Ymc?oc=5,"Fri, 10 Jul 2020 07:00:00 GMT",2026-02-15T07:57:54+09:00
GoogleNews:SNS　買い物,SNS　買い物,Twitterの買い物への影響は？SNSがきっかけで商品を購入した割合を調査 - ネットショップ担当者フォーラム,https://news.google.com/rss/articles/CBMiUEFVX3lxTE1DaThOeGhOYk1YNUlTZ1dqY0tfdENOMGFsMmdDVEV5ZkxVYk5TUmpfcEVWcTdHQ2hfZzBFZVNwNDB3blFHNE9lQ1d1NnBzbFBF?oc=5,"Mon, 01 Jul 2019 07:00:00 GMT",2026-02-15T07:57:54+09:00
GoogleNews:SNS　買い物,SNS　買い物,ドラマ「満タサレズ、止メラレズ」買い物依存、SNS依存に向き合う麻衣＆美穂のKV - ナタリー,https://news.google.com/rss/articles/CBMiTEFVX3lxTFBLaGZsNHdQOHRMVmxHZTNHZ0otTGFqUThyMU9QcURZX0Judk1rM1BXZzUyaDZjMnRORmQxelNxWjVaN2ZKaHpiVlhiTDY?oc=5,"Thu, 06 Jun 2024 07:00:00 GMT",2026-02-15T07:57:54+09:00
GoogleNews:SNS　買い物,SNS　買い物,悪質なショッピングサイトやSNSを利用した詐欺にご注意ください - PayPay,https://news.google.com/rss/articles/CBMiVEFVX3lxTFAyclBWUTk4Nm1ITFZidkhrNUVKWTFfZFdoOXFMako1aC1UME9Ib2U3Njk5b3BWY1pYcFBTUGNDNzJIRy1qZ1ZYR3FmNUV1SG1Fc2U4Qw?oc=5,"Mon, 16 Dec 2024 08:00:00 GMT",2026-02-15T07:57:54+09:00
GoogleNews:SNS　買い物,SNS　買い物,働く独身女性が買い物で参考にするもの、1位「レビュー」・2位「SNS」 - 通販通信ECMO,https://news.google.com/rss/articles/CBMiVEFVX3lxTE8wcGx2aW1GanlwRm5tYmp4WnFmNDlheEJRYkc4ZXBUc2x0RlJKYVVDdHJmdW5oTFMtZEhkZVZCenFUci1lV1pudGlOYmVMTkw4WnY5SA?oc=5,"Thu, 22 Dec 2022 08:00:00 GMT",2026-02-15T07:57:54+09:00
GoogleNews:SNS　買い物,SNS　買い物,筧美和子→買い物依存症、鈴木ゆうか→SNS依存症 『満タサレズ、止メラレズ』でW主演 - ENCOUNT,https://news.google.com/rss/articles/CBMiT0FVX3lxTE5VeGtRLUVybGw0VHFmWm4wODBrdkZVa21LLU1oLVV2QlhGdVZvdVpQNktTSWJDXzZQRGY0ckRpN3ZoUEx4Vkh1ZElpSWNTR0k?oc=5,"Tue, 30 Apr 2024 07:00:00 GMT",2026-02-15T07:57:54+09:00
GoogleNews:SNS　買い物,SNS　買い物,買い物をSNSでシェアする時代―カウシェの化粧品カテゴリへの挑戦 - 国際商業オンライン,https://news.google.com/rss/articles/CBMiWEFVX3lxTFBhNHRZTmxtd3gxYnZlNjUtTXd4WmxDOU9wY2Vkb1VGTUdaZUtDZmE2XzRCZno4QmJ3QWdsRnZQM0RldnhCbkk2MU9BaDhLaGxrVDFkLTNna1Y?oc=5,"Wed, 07 Dec 2022 08:00:00 GMT",2026-02-15T07:57:54+09:00
GoogleNews:SNS　買い物,SNS　買い物,買い物、SNS、アルコール…依存症の人々を描くマンガ「満タサレズ、止メラレズ」がドラマ化 - ぴあエンタメ情報,https://news.google.com/rss/articles/CBMiX0FVX3lxTE8tbGVMZmwtTmNjZ2w0c1kteWJXUm91NndYSXU4RnJHRHpaMGJpVlBZYWtoajBSZTFubkMwN2tqV0p6ZTdiMlpfY1Y2Nm83TGtDM21Hb1h6ZVNsMDVNZHVr?oc=5,"Tue, 30 Apr 2024 07:00:00 GMT",2026-02-15T07:57:54+09:00
GoogleNews:SNS　買い物,SNS　買い物,若い人ほどSNSの投稿を見て買い物する意欲が高い、SNSが与える消費行動への影響調査 - ネットショップ担当者フォーラム,https://news.google.com/rss/articles/CBMiT0FVX3lxTE1OTk0yY0VsRkpYOEQzU1phVjJmQTZlUW1nYlBTLXo4TGhoaTNHZ3RMREgtTVdfVkxNRlp2U29SVklwbWEtdnVIZkV3aFpfSm8?oc=5,"Mon, 17 Nov 2014 06:00:27 GMT",2026-02-15T07:57:54+09:00
GoogleNews:SNS　買い物,SNS　買い物,買い物メディア「your SELECT.」公式SNSでの動画総再生数1億回突破を記念して紹介したアイテムの中から、いいね数が多かったアイテムBest5をプレゼント！ - PR TIMES,https://news.google.com/rss/articles/CBMiakFVX3lxTFBUWVZ2b2hIcGMwdW9jaVRyY2s3ZFk5ZUhPVnFmdGRvN25WM2lLWUFxTEhKaWtSNnUxNWJGM3o3UmQ0Y1diZHFGWUF4TXI0ckExVWxteTc1NW54bUg0bUxGWWl2RVlTTjVOQmc?oc=5,"Tue, 03 Dec 2024 08:00:00 GMT",2026-02-15T07:57:54+09:00
GoogleNews:SNS　買い物,SNS　買い物,SNS、投資サギかも 門別署と町、富川高合同 買い物客に被害防止啓発【日高】 - 北海道ニュースリンク,https://news.google.com/rss/articles/CBMiTEFVX3lxTE5vcTNOZHYzQkJMajZqSV93engwZ0J4Ui00U3J2cXpVQUQ0Y2twd1J0UjBWcWw5cWozQU5GUHNxVGpBcXZEb1hFTm1qeVU?oc=5,"Mon, 21 Oct 2024 07:00:00 GMT",2026-02-15T07:57:54+09:00
GoogleNews:SNS　買い物,SNS　買い物,"いいね！で買い物ができるSNS『Pocolo（ポコロ）』が、YouTuberの""JJコンビ""や""関根りさ""参画のVC『iFund』と資本業務提携。""お金で買えない体験""をいいね！で買える新機能リリース - PR TIMES",https://news.google.com/rss/articles/CBMiakFVX3lxTE5xY0tndG9SN2FHWTUxUUZUdG5RYTdiRV9mbWVPTTRxeTlsZ1VXWllrQzRWTDk1eW5wVnNFSzBvTHQwM0JlOTR2elEySXZVZWEzeG9Id0VTSnNxNmpKcVFyVFZNaG5SeTh2SUE?oc=5,"Mon, 30 Nov 2020 08:00:00 GMT",2026-02-15T07:57:54+09:00
GoogleNews:SNS　買い物,SNS　買い物,SNS上で買い物が完結。時代に合った決済「Links」 - ECのミカタ,https://news.google.com/rss/articles/CBMiV0FVX3lxTE9vZXVsN1FzdUxEb1laX08wcVRDbllvLTh1bXpfdkZTSFR3Z0ZWcWlraUNlMG1rd1FYYWdLVHdQaWFqNi1SdVdBak93ZmNRYndzdFkyRHFETQ?oc=5,"Tue, 08 Nov 2016 08:00:00 GMT",2026-02-15T07:57:54+09:00
GoogleNews:SNS　買い物,SNS　買い物,【動画】SNS総フォロワー数210万超え！ YAMATOと都内の人気セレクトショップでお買い物 - ELLE,https://news.google.com/rss/articles/CBMifkFVX3lxTE9DeXBvOF90dW5malR3X0RDYXBtSEw3XzlxV2N1MnREWjVvejdRajVmQlFxdVFVVklTUUwwaG1tOUhWeWdfUjZ2MUUxUE9tU2xzOF9wNzIzZ0dKdEd5UnNmWXhpLUl0Q1ktQmJqVlRqRUpIdnF0eXNyWTU4bkVOQQ?oc=5,"Wed, 13 Apr 2022 07:00:00 GMT",2026-02-15T07:57:54+09:00
GoogleNews:SNS　買い物,SNS　買い物,西友が24時間営業を継続 SNSで買い物分散呼びかけ - テレ朝NEWS,https://news.google.com/rss/articles/CBMickFVX3lxTFBTLWVOTW9qZUY4Y1FGcUJicVVhdzNjb05sazB4ZHRIRlA2c2ZRck1ZdWtzUkhob2NLaG0xSHlBQ3RnZFE5U3hiY2pvQmlmNm9mNGVMSndGSkN1dkIteXV3YWI4Z1RaVVBaaTdjbmlhbDljdw?oc=5,"Sat, 11 Apr 2020 07:00:00 GMT",2026-02-15T07:57:54+09:00
GoogleNews:SNS　買い物,SNS　買い物,楽天のショッピングSNS「ROOM」の魅力を徹底解剖！成果報酬だけじゃない、掘り出しコスメとの出会いやユーザーとの交流も楽しい - 美ST ONLINE,https://news.google.com/rss/articles/CBMiSEFVX3lxTE5rZk9oTVlGRjlUaThJUVhHT0RqMnBGaHU5U0pPZHB6WU1qSUEyZHMxaUJpU29OU1NNbmdGcGE1ZGx0Y3g0aXc1Mg?oc=5,"Mon, 31 May 2021 07:00:00 GMT",2026-02-15T07:57:54+09:00
GoogleNews:SNS　買い物,SNS　買い物,SNSで話題”デートも女子会も推せる「ビストロ」へ♡【おしゃれプロのお買い物日記】 - CanCam.jp,https://news.google.com/rss/articles/CBMiSkFVX3lxTE16Z3NzVVRMN3Y2WDN1eFB4Y1l0UkNzbTQ5WGw5NU1YSk1zTGg4QWhHWnJHSndmTkZZU0VjeUU3dW1iUVBkbHM3TjRB?oc=5,"Thu, 09 Mar 2023 08:00:00 GMT",2026-02-15T07:57:54+09:00
GoogleNews:SNS　買い物,SNS　買い物,携帯５台押収、ＳＮＳ利用し知り合ったか 遺棄疑いの男 前日に群馬で買い物 栃木・柏の女子高生遺体 発覚から１週間 - 千葉日報オンライン,https://news.google.com/rss/articles/CBMiWEFVX3lxTFAtd3RWVHNwbTBLZGgybGVlUmtQOUVDdWVsaEV0MEQwS01Cd3VLVE5tTWZqMkozdlIzeGRXYUdEc1lEVFNjZlBLQ21LSzRhMERNajdaXzBfa0E?oc=5,"Thu, 26 Oct 2023 07:00:00 GMT",2026-02-15T07:57:54+09:00
GoogleNews:SNS　買い物,SNS　買い物,筧美和子が買い物依存症、鈴木ゆうかがSNS依存症の女性役に『満タサレズ、止メラレズ』 - ライブドアニュース,https://news.google.com/rss/articles/CBMiX0FVX3lxTFBNUGtVMzJ6NEtSOWRiNFhBc0dQalJROWxrVFV2TkxieE1ITVY0TU54VnNpYVhlcHlQcDVPQ3lXVnNGNTNwQ1VqQ090MkVSU2JhLVRjclo5bmpvUXlVYnFj?oc=5,"Tue, 30 Apr 2024 07:00:00 GMT",2026-02-15T07:57:54+09:00
GoogleNews:SNS　買い物,SNS　買い物,SNSで話題。予約困難な「ラグ作り体験」が超楽しかった♡【おしゃれプロのお買い物日記】 - CanCam.jp,https://news.google.com/rss/articles/CBMiSkFVX3lxTE5mZ19HZTZJTE9RVkhVS1FhclEtMklkRzNLQW8wdk51UzV2N1Y3QmZpU1Y0emFBRjRzWkJZTUMtY2tSaFhqczc3eWJ3?oc=5,"Sun, 27 Mar 2022 07:00:00 GMT",2026-02-15T07:57:54+09:00
GoogleNews:SNS　買い物,SNS　買い物,SNSでも大人気！「RosyMonster」のアニマルブローチにうっとり！【おしゃれプロのお買い物日記】 - CanCam.jp,https://news.google.com/rss/articles/CBMiSkFVX3lxTFBTc2JhNlBMaTZ0bmVwalNKQUpYZUg4X3psQUVjbjJHVW9vaDVtRzgwNnd4LXNoVWdIY1VkQ25sMnVUTGUxRmo4dS1n?oc=5,"Mon, 19 Dec 2022 08:00:00 GMT",2026-02-15T07:57:54+09:00
GoogleNews:SNS　買い物,SNS　買い物,SNSで話題。神戸の「アメリカンビストロ」でブランチを満喫！【おしゃれプロのお買い物日記】 - CanCam.jp,https://news.google.com/rss/articles/CBMiSkFVX3lxTE1xWHpFdVJ1RklEZUNtX2JLeDFPMEJVckdYc25WbGhDUXItM1lrVEpHenlIb1hTMndFbk5BaHVMcklJN2dVVTFGUnN3?oc=5,"Mon, 15 Aug 2022 07:00:00 GMT",2026-02-15T07:57:54+09:00
GoogleNews:SNS　買い物,SNS　買い物,SNSで話題「THINK FUR」のコートは伊勢丹限定カラーが推し♡【おしゃれプロのお買い物日記】 - CanCam.jp,https://news.google.com/rss/articles/CBMiSkFVX3lxTE9UcHh3VEFUdWtwc05JWDVtZGU3dGs3ZU9maVJuZ0EybzBYUHRIVURaZEROSGFOTUQzclM2d2U1ZUFPOVBTVGZOVmdn?oc=5,"Fri, 17 Feb 2023 08:00:00 GMT",2026-02-15T07:57:54+09:00
GoogleNews:SNS　買い物,SNS　買い物,福原遥コストコでルンルンお買い物ショットにＳＮＳ「彼女ってぐらい距離感ちかい」「癒し源」 - デイリースポーツ,https://news.google.com/rss/articles/CBMiakFVX3lxTFBoUkxONmtJVGRPMEQwX25NZjg3dG1LVWdETTRUXzRVd1hhWmlUeUxTRmh4bDl2ektBaGR4WHphdTZSNDY3RV9uRHZfNUpxM0lETnlBS29nSEhGa19zdXJjR0h3NnZ1Q2dwbFE?oc=5,"Tue, 28 Nov 2023 08:00:00 GMT",2026-02-15T07:57:54+09:00
GoogleNews:SNS　買い物,SNS　買い物,SNSで超バズ♡指原莉乃「リリミュウ」のラメライナーでアイドルEYEに！【おしゃれプロのお買い物日記】 - CanCam.jp,https://news.google.com/rss/articles/CBMiSkFVX3lxTE5BYUNqSkNpcjZnRFhhTnY0ZDNVNFBRSnFhaEItLUE2RTRjMTBSeTlnOS1lRWd5VjNIN0swNFoya0Z4WlNsakxCbTNB?oc=5,"Fri, 13 Jan 2023 08:00:00 GMT",2026-02-15T07:57:54+09:00
GoogleNews:SNS　買い物,SNS　買い物,【ダイソー新作】SNSで話題の「アイライナー」をコンシーラーとして使ったら…♡【おしゃれプロのお買い物日記】 - CanCam.jp,https://news.google.com/rss/articles/CBMiSkFVX3lxTE5BOTEyQUo3b2hZY1RaN3ZnLXVXNXFxaE9VTlhicDQ2NFBsUVlkR010UncyVE1jSl82LUtOekdGak5XMnRHbHNMdUhn?oc=5,"Mon, 19 Sep 2022 07:00:00 GMT",2026-02-15T07:57:54+09:00
GoogleNews:SNS　買い物,SNS　買い物,中国人客の買い物に無料バス、マイクロアドがJRバス関東と、SNS集客活用 - 日経クロステック,https://news.google.com/rss/articles/CBMiYEFVX3lxTE02TE5vUXlYMVhjUmRRRW1sZFI1OXhGbEJwZ2U0Z1BlakFLRGMwZ21yMngzcmQ5Tm0wcjl4NjIwdktjVHoxd2phejQ5djdyNGxKY1VLcm5jQk5LT1MxMUdaVw?oc=5,"Mon, 05 Oct 2015 07:00:00 GMT",2026-02-15T07:57:54+09:00
GoogleNews:SNS　買い物,SNS　買い物,ディズニーリゾートの買い物袋有料化にSNSで「かわいいから買う」「エコバッグは世界観が崩れそう」などの声　価格設定で賛否分かれる（1/2） | 社会 ねとらぼリサーチ - ねとらぼ,https://news.google.com/rss/articles/CBMiYEFVX3lxTE1iYmg0OFR2UU5nLUpSVWJyVWpaQ1F2OEJ1SUgwbllTQWVvaHVHc25Xd0lrTXFXNWR3eHc4OTNQbDFFbERPRFd1R0NXMWExMUhLTnZzaTg2X3B3OGl2cHNIYdIBZkFVX3lxTE5aTHFEMFp1bk5GYW5zdmtkQWU5SkprVDhGY19CMGlQdGhWMUMxdEpDdTRlWkJpVEZkX3F0M1RIVVlNR1ZRQmRXb2ZIR0Z0RDlPcnR3NnF0dTBISWR3MF9iWVNCNGptQQ?oc=5,"Mon, 07 Sep 2020 07:00:00 GMT",2026-02-15T07:57:54+09:00
GoogleNews:SNS　買い物,SNS　買い物,"SNSで大バズ♡約￥10,000の「ダイヤリング」に感激！【おしゃれプロのお買い物日記】 - CanCam.jp",https://news.google.com/rss/articles/CBMiSkFVX3lxTFBUcUlFemdwTzlCeGNYdDJQeXVOcGx1VkJzNzA1T1NBM2daN2tBQ3hIeHF0TU9uaEsyZkt0N1psbFJYdl9Za21WUWt3?oc=5,"Sun, 18 Dec 2022 08:00:00 GMT",2026-02-15T07:57:54+09:00
GoogleNews:SNS　買い物,SNS　買い物,「買い物は3日に1回程度に」小池都知事のコロナ対策呼び掛けにSNSで反発続々「遠足でいう『おやつは300円まで』みたい」 - 中日新聞Web,https://news.google.com/rss/articles/CBMiU0FVX3lxTE91ZlNrX2hLVEdLUkNmaXRma2VIXzNyWXF6RVBQTjRhU1laYWcyQ0lVb0dicFpjYzJFZDlISUJZSWljelY0Q1BiQVM5clFkRHFnR0lR?oc=5,"Thu, 12 Aug 2021 07:00:00 GMT",2026-02-15T07:57:54+09:00
GoogleNews:SNS　買い物,SNS　買い物,"SNSで超人気♡【GU】￥1,990の「ローライズパンツ」がとにかく使える！【おしゃれプロのお買い物日記】 - CanCam.jp",https://news.google.com/rss/articles/CBMiSkFVX3lxTE51LWFMQ3BYeHE0Y042MTZEbEw4d3FHdjR2THNRclFQWXdtZkhqQm9pUWNGYnpxc2ZTX09UUXh5eVdJaWNjNmhTQlFB?oc=5,"Thu, 12 Jan 2023 08:00:00 GMT",2026-02-15T07:57:54+09:00
GoogleNews:SNS　買い物,SNS　買い物,SNSでも大人気♡憧れの「我戸幹男商店」に行ってきた！【おしゃれプロのお買い物日記】 - CanCam.jp,https://news.google.com/rss/articles/CBMiSkFVX3lxTE5oZkp4ZWdJdmxTSmZKcWZiZG9KZEp0MU84ZWUxUUdwbHI3V3pCVHdTNkRwYkVOeHY3ZHRuZWdOeUZlS1NoUHVwQzNR?oc=5,"Tue, 20 Dec 2022 08:00:00 GMT",2026-02-15T07:57:54+09:00
GoogleNews:物価　家計,物価　家計,物価高騰下の家計支援 省エネ家電購入補助 エアコン、冷蔵庫対象に あす受け付け開始 - 東海新報,https://news.google.com/rss/articles/CBMiVkFVX3lxTE1fNnN2YkdMbEt0Y1BodzJrU0lXTVNndWFoSVpoSzZnQzRERUFWVWZleC0zb2JlQXFGeW1vWHVfdkZMQkU5QXlVODdWQTZWZm1RdjJqSXVn?oc=5,"Sat, 14 Feb 2026 19:07:08 GMT",2026-02-15T07:57:57+09:00
GoogleNews:物価　家計,物価　家計,物価高なのにインフレ目標2％は「達成されていない」と日銀が判断する理由とは？ - ダイヤモンド・オンライン,https://news.google.com/rss/articles/CBMiTEFVX3lxTFBXUDNBM2VYYUYxQVd5M1hDazJNSTd2Y2U0ZGFvSkN4bnNGSWhURGxaNGFhbWxIRXZmUkZmalNqLS02Z3RDRUcxVGJ3UkbSAU9BVV95cUxPbUZCazd6R253Z0kycURucnpLcDhUelZqLWEzX3M1cXdaeHNvSkNTVEtEbnFDUTExTFlBbDgyY0Nnb0gyN09INE1ublQwZF84?oc=5,"Thu, 12 Feb 2026 19:40:00 GMT",2026-02-15T07:57:57+09:00
GoogleNews:物価　家計,物価　家計,【ヤフコメで話題】「家計簿を見返して気づく物価上昇」「断捨離と家計の変化に驚き」 - 日常の整理から見える家計の現実 - Yahoo!ニュース,https://news.google.com/rss/articles/CBMif0FVX3lxTE1DaFFyNU05LTRzUDJVdjZ3VHM2bFltSVl0cHBDcTUySFpXeUtPRlVab0oyX1h2N2lpR1hZMzVONmVHS2JNZ05fTUQ0ejctX0lFRmVlUV9HZkplbGhhYldZRkVnQ2ZPZHY1enpuWm1YM1dvdUdTVzlDZ2N6YlB0ZjQ?oc=5,"Thu, 12 Feb 2026 22:34:42 GMT",2026-02-15T07:57:57+09:00
GoogleNews:物価　家計,物価　家計,～25年から4人家族で約8.9万円増加の可能性。物価高対策で同▲2.5万円負担減～ - 第一生命経済研究所,https://news.google.com/rss/articles/CBMiW0FVX3lxTE9aS0NCdGJJRUItZEl5aHB1WmhkTHUwcU5HZkczYk44Tk9QWUY2MFN0aDIwVVBweDlwZnBybi1nbmJDclIwMlhsMFA1cy0tNURYclpOR3l4MHF6YzA?oc=5,"Mon, 05 Jan 2026 08:00:00 GMT",2026-02-15T07:57:57+09:00
GoogleNews:物価　家計,物価　家計,令和6年全国家計構造調査における茨城県の状況 - pref.ibaraki.jp,https://news.google.com/rss/articles/CBMikgFBVV95cUxOb1RxLXpfcjB4ZDhDTVEwRF9ydkFOYnR3dllJQjdhOTMwZUlMSEFmc3NpTFlYX1ZSYVgyWUZYaC0wVmZsZ3hDVU1LNXFhUXhaYVpJOHU2R1d3V1VKQUxFTHpQUkJFOWhXY3BoeWRMNDlYb1VxdHphVEZ2R3RMZTZPRGJxb1dCSlNvd2tFeTZPWkJ2QQ?oc=5,"Fri, 26 Dec 2025 08:00:00 GMT",2026-02-15T07:57:57+09:00
GoogleNews:物価　家計,物価　家計,「おかずは5品から3品、2品に」家計簿から見える物価高騰 8.9兆円の対策に専門家が警告「100％違う」【報道特集】 - TBS NEWS DIG,https://news.google.com/rss/articles/CBMiV0FVX3lxTE1jMGZBUk1sOElxaGVNVjY3ZUdBQ2ZyVUUxOGJCazBDNnp6WVN1TER0UXVjVEtJWlBmbjJzdGpSd0dBVHNrVVh0ZzJVUk9qNUdNS1ZickxnQQ?oc=5,"Sat, 20 Dec 2025 08:00:00 GMT",2026-02-15T07:57:57+09:00
GoogleNews:物価　家計,物価　家計,2026年、物価上昇に負けない家計管理 住宅ローン「2馬力」注意点も - 日本経済新聞 - 日本経済新聞,https://news.google.com/rss/articles/CBMibEFVX3lxTE14Um8tVldNNzFPZ0pwbE1qU3ExLTNnMHhSNGdQSF8tUGlVSDM4OG5OSGpqRUhwSmhHN0hmalpVSkYtQ2JXU0xPMUpZUEVUUDFCSWJ5eVJBN2EzeUVqdU1QVXlMLW1KQkxYSGlWMQ?oc=5,"Fri, 02 Jan 2026 08:00:00 GMT",2026-02-15T07:57:57+09:00
GoogleNews:物価　家計,物価　家計,物価高騰で家計悪化 県内生活保護世帯の9割が苦境 子どもの教育支援求める声も - QAB 琉球朝日放送,https://news.google.com/rss/articles/CBMiWkFVX3lxTE9ycnlSY1gtMDNmbjJwdTV3MlJXdHlwQzU3TDNxcm9YZDd1SlgzVFdkNm50U3VHaWZiUTRWeDBlbUNXM3ItUDRpM2xsOVV0REFFdmptMHZ6VGN2QQ?oc=5,"Thu, 11 Dec 2025 08:00:00 GMT",2026-02-15T07:57:57+09:00
GoogleNews:物価　家計,物価　家計,年収の壁に物価連動案、2年ごと見直し 家計負担緩和も 政府・与党 - 毎日新聞,https://news.google.com/rss/articles/CBMiaEFVX3lxTE1KdHpnY0dlemhTRkNKdk15YWlpajI4MDVjMENzQUszNkhVcjdfVEcxczNDRGk5M0hBYlZiclJ0MVZtRlg5VDl5Z0RPYlBqdzZDRFpPQVpxbnI0d3lSNERWa0VhaENBR0hM?oc=5,"Wed, 10 Dec 2025 08:00:00 GMT",2026-02-15T07:57:57+09:00
GoogleNews:物価　家計,物価　家計,与野党が競う「消費税減税」の効果は？経済・物価・家計への影響を徹底検証 - ダイヤモンド・オンライン,https://news.google.com/rss/articles/CBMiTEFVX3lxTE44UXluZzNzUTJVRHRhbXRULWwteFpTRzk4RTNKWXhpY1FUUVNNemhDYjA3Q09aRERGSUdhNWExem9Ib3dnUHEtREpaQ1rSAU9BVV95cUxPeERJLUpyR194SDRVNV9heHQwcFBNMjhUUW5qdjhMNnh0alhJUnIwdnBHQjBGNTFwb21ibTVVZ1U4RUkta1lrZnB1MnNLV0xr?oc=5,"Thu, 05 Feb 2026 19:47:00 GMT",2026-02-15T07:57:57+09:00
GoogleNews:物価　家計,物価　家計,ガソリン暫定税率が廃止になると、私たちの家計への影響は？ 専門家は“物価上昇の抑制”につながるとの見解も - TOKYO MX,https://news.google.com/rss/articles/CBMibkFVX3lxTE5JNWRaTXM2SDNsMGNIbWJ5djRSeEpBWndicEJPSmZnQm5KWEhZZmpXQTEtY0V6djlMSnRTcGVhZjhpVndGN2ZqV2hYY1RzckVyMWFGcGEzUTlDa2cxSTlBSE92TW9EQklnaDJTbVJB?oc=5,"Mon, 27 Oct 2025 07:00:00 GMT",2026-02-15T07:57:57+09:00
GoogleNews:物価　家計,物価　家計,日銀利上げで何が変わる？住宅ローン、円安、物価。家計への影響を徹底解説 数字の読み解き方【第44話】 - PRESIDENT Online（プレジデントオンライン）,https://news.google.com/rss/articles/CBMiWEFVX3lxTFBmanhEYng4Z3BLNXl3YjFIaWZ4dDhuZTJFZ1FoeWdvNER0c05mT0VqQjlrS09oUmpMU1NtaHFXRUR4R3ZwYnl6NU9BREppV3oxZ3VqRXlFMWU?oc=5,"Thu, 29 Jan 2026 08:00:00 GMT",2026-02-15T07:57:57+09:00
GoogleNews:物価　家計,物価　家計,家計負担9.7兆円の穴埋め策の検討 ～家計支援は限界、望まれる賃上げ・利上げ～ | 熊野 英生 - 第一生命経済研究所,https://news.google.com/rss/articles/CBMiW0FVX3lxTE9kWWtvSngyTHZrQUNNbFEzX2w3akJDSV8zNUsxOFltb1ljUHZRQ0MyN2t1QVphS1l2VlV1VnNQX0kyYmJHclUyUk81MzFHdlp4ZGZUMF9yWTFXLUU?oc=5,"Thu, 08 Jan 2026 08:00:00 GMT",2026-02-15T07:57:57+09:00
GoogleNews:物価　家計,物価　家計,家計簿がかく乱する物価指標 CPIとGDPで一物二価 - 日本経済新聞,https://news.google.com/rss/articles/CBMifkFVX3lxTE5xcmFob0pxQWZva2ZtVUdpSkZUTEVRN25xTTlHa0NVVXV5SUY3VUJTa3VDSVJ5ZS1WeTE4RzhtZFBiMWQtN0NZOUlKa3BFVEg4NllaR3NIZVh6YU5SODF0QVpMYVVtOUlkV0pSZnJpLWpJa0pRN3laMWZzczU5QQ?oc=5,"Tue, 10 Jun 2025 07:00:00 GMT",2026-02-15T07:57:57+09:00
GoogleNews:物価　家計,物価　家計,全市民に「家計応援金」5000円 鈴鹿市が補正予算案、物価高対策で給付 三重（伊勢新聞） - Yahoo!ニュース,https://news.google.com/rss/articles/CBMif0FVX3lxTE9Cbmo4Vk9QZTJrX3FzUDhjOUFOUTBLT1VHY0tIN28tTHItQkJNTGVlc01wVXBxQUFzNVg2Z2JKbEVvN3NKSktRTW84bXlENXlXc1dGdXc2Q2NnOEZUYnN1X0Vxdk9rdjJtdXQ1dUpPQ21rUDFGdDk0bDlTWFdWWFU?oc=5,"Sat, 31 Jan 2026 08:00:00 GMT",2026-02-15T07:57:57+09:00
GoogleNews:物価　家計,物価　家計,"【全国1,053人調査】続く「値上げラッシュ」で8割が家計への負担を実感 | 株式会社カウシェのプレスリリース - PR TIMES",https://news.google.com/rss/articles/CBMiakFVX3lxTFBSZm9fU01YYXh2TEJYV0ZhUVZVYVVnZDBjbWJYODNXWk1YendLeFVEc1FHdDYtSEplQjZ1OGVzT0M5TGxMeVlNZERmd3haVVhhTUlwdlJqWE44aTZQbGZrSmg4dUdRemFaWmc?oc=5,"Mon, 06 Oct 2025 07:00:00 GMT",2026-02-15T07:57:57+09:00
GoogleNews:物価　家計,物価　家計,（改定版）電気代・ガス代補助金の家計、物価への影響 - 第一生命経済研究所,https://news.google.com/rss/articles/CBMiW0FVX3lxTE5TQk14c1ppUDg4Q0JKVnNWRVp2QWI5dVMyN0VRVFVyWkVZMU5VN1NkQTZDYWhNYnpQTnBsZzZyQnhuaGl6OEdRUlBjcjlxMkFvQkpmT0U4WkF1ck0?oc=5,"Tue, 25 Nov 2025 08:00:00 GMT",2026-02-15T07:57:57+09:00
GoogleNews:物価　家計,物価　家計,物価高対策 家計・暮らしを応援 プレミアム付きデジタル商品券の発行 ＆ お米券の全世帯配布 | 豊中市のプレスリリース - PR TIMES,https://news.google.com/rss/articles/CBMiakFVX3lxTE56NXZMbTE4YXBhaWdBVzlvekpZelE4MUlVd1FIZ2UtdmhYNXZMZERKSmFKcDgxMGFtWnJRVmQyUjdwQWdCR0NydzJpVzdMb1VzcFVYUENvTElNQW0zaG9OazNDV21hM0NobUE?oc=5,"Fri, 28 Nov 2025 08:00:00 GMT",2026-02-15T07:57:57+09:00
GoogleNews:物価　家計,物価　家計,中国、11月物価0.7%上昇 食品値上がりで強まる家計の節約 - 日本経済新聞,https://news.google.com/rss/articles/CBMibEFVX3lxTFBDZVB2UlpqdXFxRWNHTkVPbXl0TmU5X2ZjNHZpbWtQbm5HUDkxSGNiOS1TQlFLUXFxUFl4cW1USVpKbHc2cVJ6QVduQ2VKZFA3bEpXMnlia21VM0ZsSkd4dVJTQVJoSFU3Y2xESA?oc=5,"Wed, 10 Dec 2025 08:00:00 GMT",2026-02-15T07:57:57+09:00
GoogleNews:物価　家計,物価　家計,＜社説＞物価上昇加速 家計の痛みに応えねば - 東京新聞デジタル,https://news.google.com/rss/articles/CBMiU0FVX3lxTE9yOU5UUDU0b1ZoZkJ1c3IxTnQ5RkR6bVhvT0NHUjZ6N1NJS2FUTm5EdEVpcW1FVnFlM09wY1hBMkM3VWFiak5pY0pTV1BHNU45RWJj?oc=5,"Sat, 04 Oct 2025 07:00:00 GMT",2026-02-15T07:57:57+09:00
GoogleNews:物価　家計,物価　家計,物価高騰下で家計応援の新企画！デパ地下〈生鮮食品売場全品10%OFF〉を実施 | 株式会社小田急百貨店のプレスリリース - PR TIMES,https://news.google.com/rss/articles/CBMiakFVX3lxTFA0WWVDMUNLT1FxZXNjREhSaXJvazRXQUs3eEpLOWptT2pRUzBRZU1HVUJuZDJzTERFRmRXcjlqMWFCN1M2TGNqUmlfREs4SDZ1QmVubUpfS0JTamt5RVAxZWxOYi1yQ1VYZ3c?oc=5,"Mon, 22 Sep 2025 07:00:00 GMT",2026-02-15T07:57:57+09:00
GoogleNews:物価　家計,物価　家計,AIシナリオ分析で見る参院選後の物価動向と家計への影響 - 第一生命経済研究所,https://news.google.com/rss/articles/CBMiV0FVX3lxTE1QelRWRmhORTN5R194cUVibWdXdWNaNWdWbkltLWxWVFFheXAtbXdLaGd5dTJiZlREaURGRXc4OFBjZnlweS1sMjV1QklYOFFvRXBiVEZsOA?oc=5,"Wed, 23 Jul 2025 07:00:00 GMT",2026-02-15T07:57:57+09:00
GoogleNews:物価　家計,物価　家計,物価と借金に圧迫される家計、トランプ離れ進む中間層 - ニューズウィーク日本版 オフィシャルサイト,https://news.google.com/rss/articles/CBMibkFVX3lxTFBHS2JwNl9Edi1fMUp4YmpWOHBhejNVMmk0Z1g1a1RfWFRvdVFzTUN1RklqWVpPZHFNSFhBbF9pb0NSWFNaT3lyZnRuYk4tQk55b0VYbEw4QzZfaHNSQ1E4RTVOM21HNE5tTWVOVEJB?oc=5,"Mon, 17 Nov 2025 08:00:00 GMT",2026-02-15T07:57:57+09:00
GoogleNews:物価　家計,物価　家計,家計消費の動向－物価高の中で模索される生活防衛と暮らしの充足 - nli-research.co.jp,https://news.google.com/rss/articles/CBMib0FVX3lxTE1KUHZlSXNmUFB6N2RfeGlrWnJ1V1hfNnZHZDdsWnlmYmF5X2VkTDlzc3p3OTd6WWl6S09KT2l1ZG1lbkVVb201eWhFekNYZTZ6UE5VblFsZHVCeWpXd1AtdHJiNjcyOVFLWTg1QjdBVdIBf0FVX3lxTE81N2plY3JnanZjQ2hHSEh2Ymk4RzM0dFdyeUxXbXk5RTR2QlZ0T1N5V2FrVmV5aFJnNHdCeDJYOWZocGhiVlJhYVZySDVRUkRoQU1JOUhBdkhVMDlrYW5vbnQ5ZXVaMlJYM3ZITzZWZlBtd3VYTWNMLXkxM1QwbnM?oc=5,"Fri, 06 Jun 2025 07:00:00 GMT",2026-02-15T07:57:57+09:00
GoogleNews:物価　家計,物価　家計,《回顧2025 群馬県内経済》（1）物価高騰止まらず 家計圧迫、賃上げに課題 - 上毛新聞電子版,https://news.google.com/rss/articles/CBMiWEFVX3lxTE9UZ0w1Q2JKN2NvUnhHYzRnWmFWQXdoaVpLNTd3dTV0cXdWZlNYNmhWS1R4VlRHZUlZOVFkMDJqaksxV3RFdHFUdzJUZmtQWWktdTBBNnZxekk?oc=5,"Wed, 24 Dec 2025 08:00:00 GMT",2026-02-15T07:57:57+09:00
GoogleNews:物価　家計,物価　家計,物価高騰の中 みやぎ生協が家計応援セール ６００品目を値引き - khb東日本放送,https://news.google.com/rss/articles/CBMiT0FVX3lxTE1FdFRTZWx1UlBhZ1oyME9XdW5QOF8xdE55enlFcVZJSF9EeGRWN1hVOWM1MEZsbmNuSXd4bVNtcnZCQkFBQ0w0cHhfa2NKUFE?oc=5,"Thu, 02 Oct 2025 07:00:00 GMT",2026-02-15T07:57:57+09:00
GoogleNews:物価　家計,物価　家計,【第２弾】物価高による家計への影響を調査 | ＳＯＭＰＯダイレクト損害保険株式会社のプレスリリース - PR TIMES,https://news.google.com/rss/articles/CBMiakFVX3lxTE1FdFNnZlFpMjI1SmVnRm5zbzB0bjRrQ05JdjlrS1l0WURwd2tRdDNzS01wTXBlWTFnbTM1WFFHa1puOEszM3g4Rl92ZjhQTnUtd0lVanNUSkprbUFqYV9teVVtVVJYdGl6MFE?oc=5,"Thu, 06 Mar 2025 08:00:00 GMT",2026-02-15T07:57:57+09:00
GoogleNews:物価　家計,物価　家計,物価上昇の影響、家計アンケートで8割が「ある」回答 7割「節約する」 あなたの節約術は？ - 日テレNEWS NNN,https://news.google.com/rss/articles/CBMifEFVX3lxTFBqUkwzN3ZVSDFUaHY2aUtTVTc5SzFQR2FSUm1wWlVZUEUyeHFma1VEYjNUYnU3UnMweElPYXNHRS1fLW9hOS16Q3Fkb3Y5MEljMHM5MVFPZTQzNWtOWVdBZWpBbXdfTDRRck94UzE4amQ3NXFfN1QxamJnU3k?oc=5,"Thu, 09 Oct 2025 07:00:00 GMT",2026-02-15T07:57:57+09:00
GoogleNews:物価　家計,物価　家計,茨城県の可処分所得が全国1位！その理由とは？ - pref.ibaraki.jp,https://news.google.com/rss/articles/CBMijwFBVV95cUxOSmVzREZBeHdiOXkwOGtKaXZJX1pwZnlRYWdsYk83X013TmROMXo3SmVMSXRLUlppbkRncm1aYmZPWW15TmViLWFJbE1UQnFFcUUyYUlUNGw3OHFoaTM2dGt2LW9ySDVNaV9kUW1KVkpucGRxdHMyXzBBX1Q4TzV3NU9ZTm1HZHh4R21SR0xCVQ?oc=5,"Sat, 18 Oct 2025 07:00:00 GMT",2026-02-15T07:57:57+09:00
GoogleNews:物価　家計,物価　家計,11月の消費者物価、3.0％上昇 食料品高止まり、家計を圧迫 - 毎日新聞,https://news.google.com/rss/articles/CBMiaEFVX3lxTE1xTEtIUE9jOU5wVUpNMzhycVVPaGJXSVdwaXRibzhZbkNQckcyLURqa3czQU1FYV9GUlRrNXdMTGhiWDgtdExGWUQ3X0NfU0YzVVRoLUU2S3NSODgtTFNwd3c0NFlzc3k5?oc=5,"Fri, 19 Dec 2025 08:00:00 GMT",2026-02-15T07:57:57+09:00
GoogleNews:物価　家計,物価　家計,物価上昇で家計が圧迫されそう。返済中の住宅ローンの負担を軽くするには？ - SUUMO,https://news.google.com/rss/articles/CBMiiAFBVV95cUxQWG5oMjBJQmFESW02MjQ1R0ZNSHdrNnZIZUhGc3ZvVzU1eEZzb2hlYjFwVWlnMG9tMG1LbVFxb25hVkMtX1RuMjlxU1lrUGxtNFNPSGNOOXluLXg5cUtTNEI1MWlyc2sxY3l0aXcxdXhJRmE1cGZuQklGN3JWSGxhUlg1dE1pWGVq?oc=5,"Wed, 12 Nov 2025 08:00:00 GMT",2026-02-15T07:57:57+09:00
GoogleNews:物価　家計,物価　家計,物価上昇、９割「家計苦しい」 奨学金受給者、７５％が食費増―ＮＰＯ調査 - 時事ドットコム,https://news.google.com/rss/articles/CBMiY0FVX3lxTE8wRW1hTmVUelVJVjh5VVlURm5zZFRIYjVzQVFpRF9ZQUdmQXA2Nkl6VWFrU2FHdVhLam9kbENBSWU4Q2xiWTMwS1BRM25LUUR0Y2FkeTlxMGNRTFZDdnNFbWxjbw?oc=5,"Wed, 24 Sep 2025 07:00:00 GMT",2026-02-15T07:57:57+09:00
GoogleNews:物価　家計,物価　家計,給付型奨学生の困窮深刻/“家計苦しくなった”９１％/ＮＰＯ 食料支援応募の３５４人調査 - jcp.or.jp,https://news.google.com/rss/articles/CBMidkFVX3lxTE1DcVd4RFVJemVZUl9FWDdhQzVMbDhxT3Y4YWt3VkxqOVBFV2VmVXF0Z00zbXF0WFljRXByQ2Z5WTJFZks3R2RzQ2xLZDF5eWxKUnh2d3hxN3hHTV8wVWpQc0hGZmNKSVdiSVVvUUM3bkZKUHVYZFE?oc=5,"Fri, 22 Aug 2025 07:00:00 GMT",2026-02-15T07:57:57+09:00
GoogleNews:物価　家計,物価　家計,物価高騰による家計負担の軽減策 区内の全世帯へ「おこめ券」の発送を開始します！ | 台東区のプレスリリース - PR TIMES,https://news.google.com/rss/articles/CBMiakFVX3lxTE5ldEJYT1Y3WFRyWVhMZEJYN2VhakNxYk9uQmpQTHZPSl9sSnlmMmhUeXI2VGhlbzZxNkhHWjNpQUpuZlBqazFGSW1tanRGMkZ6dk5JbVRIdURHRXZPdlNURlBRVVNtYnA4N0E?oc=5,"Thu, 16 Oct 2025 07:00:00 GMT",2026-02-15T07:57:57+09:00
GoogleNews:物価　家計,物価　家計,【400名が回答】「減税・負担軽減」を最も求める声多数 家計支援と物価対策の本音とは - PR TIMES,https://news.google.com/rss/articles/CBMiakFVX3lxTE1ka05lWXpUaTcxd2ZuUnlNZ05ibC1nTFgwVjdlQU1MTnYxd2JsSlZkRGtTMU5EUF9WYkcxQ1BRamg3WmNxVXVvcnNITGlYVFp3SGMyOE1laVlaNGxqcnhYcXVwSkJKd3VyMkE?oc=5,"Tue, 26 Aug 2025 07:00:00 GMT",2026-02-15T07:57:57+09:00
GoogleNews:物価　家計,物価　家計,消費税減税で潤うのは家計ではなく売り手？「価格転嫁率」が示す減税の“落とし穴” - ダイヤモンド・オンライン,https://news.google.com/rss/articles/CBMiTEFVX3lxTFB0N0JhR0ZZTFBaZWdBZm5zSF80VXVibHBTMk1vV0pCT0NBZ2U1RGhrSFBPTHpNYkJoUmhrSWJxTjN5U2hxMGdTN2VPLXPSAU9BVV95cUxPU0IwN1B5UHJTdVAzS0Y0aC1TWk9sTGFzR3NPbExxdC1OUWFVbk1ZdFFhSWdHVWRSa3R1c1pnQXlPVElKOUI3VjBDMUNXekZR?oc=5,"Sun, 06 Jul 2025 07:00:00 GMT",2026-02-15T07:57:57+09:00
GoogleNews:物価　家計,物価　家計,「買い出し」を「エンタメ」へ昇華させ、物価高騰時代の家計を支援 Webメディア『スーパーのひみつ研究所』が提案する、 新しいスーパーの歩き方 - newscast.jp,https://news.google.com/rss/articles/CBMiT0FVX3lxTFA5b3UyTEhtTmJUUXpyWXh5RjFGQnJHdE1BRHdLYXdVV0tzeEpRUkNRRnNDLUZlOUZDYWtYQnJ1Q3R5MXd4Mjc1d0wtbEhNTHc?oc=5,"Wed, 03 Dec 2025 08:00:00 GMT",2026-02-15T07:57:57+09:00
GoogleNews:物価　家計,物価　家計,令和5年消費者物価地域差指数の概況 - pref.ibaraki.jp,https://news.google.com/rss/articles/CBMiiAFBVV95cUxPQ3ZUdWljLXRDRXRqeFRuRFA3RU5LbllrTmpSNjVhcms0NU5Obkt2b01hSTVaa2NIYWtaODNTcFNlR21hWXp2ZElFSTdJeHFROUNkSVdMSll2ZWMwZjlvTElsRXZkLVo4c1hVQk02cnJfSWNLOEZqcDFVOXl4czY1d2QxSFdSeEhi?oc=5,"Fri, 11 Jul 2025 07:00:00 GMT",2026-02-15T07:57:57+09:00
GoogleNews:物価　家計,物価　家計,11月の物価、3.0％上昇 食料品高止まり、家計圧迫 - 47NEWS,https://news.google.com/rss/articles/CBMiS0FVX3lxTE1lVEk4RmdkQ2xyaXFWYlN5TlZqQlJiMy10XzM4WUtUUU1CbzAtSUNkT0NMQzd0aDdWek51bmlVT0ZRakIydzNVbDVRMA?oc=5,"Fri, 19 Dec 2025 08:00:00 GMT",2026-02-15T07:57:57+09:00
GoogleNews:物価　家計,物価　家計,家計の物価認識、「かなり上がった」75％超 景況感は落ち込み続く 日銀調査 - nikkinonline.com,https://news.google.com/rss/articles/CBMiVkFVX3lxTE5DSVZyNDYydy1vUE5XWVdETHBQMXpic3VkbENZZGFCeEExVW96TTFWclFjLWlkR0lnckR0THhmN0dTOTBJU2V1WDk4S1RmTFBZejhpeGhB?oc=5,"Mon, 14 Jul 2025 06:52:43 GMT",2026-02-15T07:57:57+09:00
GoogleNews:物価　家計,物価　家計,令和6年消費者物価地域差指数の概況 - pref.ibaraki.jp,https://news.google.com/rss/articles/CBMiiAFBVV95cUxPMDkwa0pzc0ZoZTNlUTdvWlZaeFA2U2M3bmdyS0FyNHJYTHdacjZaYkhzSnJUb0h2QXVuVlg2d3JmcHE3UF9Oc1Y0MXJvOE9WLVZMQzVxd1hCaDgwQTg2aFp2SkF6OEllUGRzbWQ1YTE3cGI2Snh1Z0JsQkV2THpfOXRfY0l2X2R4?oc=5,"Thu, 03 Jul 2025 07:00:00 GMT",2026-02-15T07:57:57+09:00
GoogleNews:物価　家計,物価　家計,ふるさと納税最終駆け込みガイド2025 物価高騰を乗り切る「早期寄付」の賢い利用法 | マネー | おすすめコラム - bank-daiwa.co.jp,https://news.google.com/rss/articles/CBMicEFVX3lxTFBDVmg4TWF2Q25sbmZBWGt2LUNJSDFmYnM0cWJSWkF1YkpXN0MyT3RUQXdWNlhKUTRFOFRhblNwSGh4UUI5aC1kV2UwMkJpa29BbkdCLW5NNGhZVE9nblJzU3lHSUROV0tkSjZvVEhaSVY?oc=5,"Wed, 19 Nov 2025 08:00:00 GMT",2026-02-15T07:57:57+09:00
GoogleNews:物価　家計,物価　家計,【家計が破綻するリスクと対策】賃金低下、物価上昇…自己破産7.8万件に増加 - TBS NEWS DIG,https://news.google.com/rss/articles/CBMidEFVX3lxTE9vVk1jUjhOMVZkM3doeENhNTFTczNObmcyZTBybmhOSkctZ3VmT2dtbG5zTmhPYktkX2dveWYyV2FsWXVNUFBGOGM4MjZ0SGRUS0F3czBVNXN0MUZVQWhiWmdhZk1aNFU4YWJmSTdTcnA0SXVx?oc=5,"Sun, 27 Jul 2025 07:00:00 GMT",2026-02-15T07:57:57+09:00
GoogleNews:物価　家計,物価　家計,ガソリン暫定税率が廃止になると、私たちの家計への影響は？ 専門家は“物価上昇の抑制”につながるとの見解も - TOKYO MX,https://news.google.com/rss/articles/CBMiZEFVX3lxTE9nV2RCb0hyRkxPS2phWkNkVFluR1duQTlPXy0wNkUxakNpSFdUSW1KWXQwdlNJUE1ybHdzWlYzZXFVY3l6VFBta0V2SkZiUmtOT1BCSnBZcEtDdzB0WkRZSERqblo?oc=5,"Mon, 27 Oct 2025 07:00:00 GMT",2026-02-15T07:57:57+09:00
GoogleNews:物価　家計,物価　家計,物価上昇“影響ある”と回答した家庭が約8割…家計に関するアンケート 街の人の「節約術」は？ - 日テレNEWS NNN,https://news.google.com/rss/articles/CBMifEFVX3lxTE81Q0Q1QU1XbTdJbkc1RC1oOHg3OFUxck9SWWhJTF9rUlBXdlhFcW1QbFJTZ3FDU19USHY4a0hkQkY5aFk0cDk3d0cyZlpXMWZzdVlxWS05a1pIZ0R4U0pfMEZ5LWptbjZwX29ZU2RmWUdieGZwRk12dWNjbVU?oc=5,"Thu, 09 Oct 2025 07:00:00 GMT",2026-02-15T07:57:57+09:00
GoogleNews:物価　家計,物価　家計,11月の物価、3・0％上昇 食料品高止まり、家計圧迫 - 西日本新聞me,https://news.google.com/rss/articles/CBMiVkFVX3lxTE1fMXpCdXJNdVczRVhWMlNSaXczMjFkWm5LSUxBNDM0ZDNyMDY5VEluYUpCY2NUQjhFd0pBQk9nYmVUT1c3bVQzYWQ5LU92eUwyTm8xeXJB?oc=5,"Fri, 19 Dec 2025 08:00:00 GMT",2026-02-15T07:57:57+09:00
GoogleNews:物価　家計,物価　家計,物価上昇、８割の家庭に影響 食費が最多、年収増見込み１割―住友生命アンケート - 時事ドットコム,https://news.google.com/rss/articles/CBMiY0FVX3lxTE1XdmVzTDdya0JaZFBFeUtMOXpXSmdPR2V1cFJySlNnNUU1bzVnLUhDS1V0VmlreWN6U0tjZmhyWHV3aVRGbEFBaUdTUk9fejcyTEVObVBHVS0xa3dLZGtrbkVaQQ?oc=5,"Thu, 09 Oct 2025 07:00:00 GMT",2026-02-15T07:57:57+09:00
GoogleNews:物価　家計,物価　家計,物価高騰から暮らしを守る緊急提案/国民の家計消費と内需応援・緊急に消費税５％に/田村委員長が発表 - jcp.or.jp,https://news.google.com/rss/articles/CBMidkFVX3lxTE03QVkzQi11dl9pSXdvSDVtNWwzcUtYaC1IYnpYa3pIRFZaNExzRVBTMmVBVjk0dW4wUllIclU5b1FqSFN6bDltQlB5UFh0WG9acUZMSExCOGcxZ0VDQmZxYTBnWmtuR3FSZVZtamdrbGFjbDBrZXc?oc=5,"Thu, 17 Apr 2025 07:00:00 GMT",2026-02-15T07:57:57+09:00
GoogleNews:物価　家計,物価　家計,戸建て住宅居住者の8割以上が、昨今の物価高騰を受けて家計防衛策の必要性を感じている！GCストーリー株式会社が「戸建て住宅居住者の家計防衛策に関する調査」を実施！ | GCストーリー株式会社のプレスリリース - PR TIMES,https://news.google.com/rss/articles/CBMiakFVX3lxTE4zUnRwd2VYZk4tN3YyYm81STdQTGxXdGJwODhaT2pwTEJGUWFrSzFsUGVIaURFRkk0NFktQnVMZXp6dUFnVFd6Zlc0NHdOOE4xM1Rua3I3dEZNMXFIZWtUQlAzWFBBeC1kcXc?oc=5,"Tue, 23 Dec 2025 08:00:00 GMT",2026-02-15T07:57:57+09:00
GoogleNews:物価　家計,物価　家計,家計に痛手！仙台の消費者物価指数3.3％上昇（前年同月比）コメやカカオ豆の高騰が影響 - TBS NEWS DIG,https://news.google.com/rss/articles/CBMiZ0FVX3lxTFBsYU5PeDR1cUJvMC1qamE5eEJEVllSUnVHVGZtYzRLTi05U0pKZ1VBTGJwQWM1NE9aWGFoQWYxSFVJMjNDUEExQllvdUNNRkxiaktBbmlmNzlVME44RVY3ZFlvVU9mRUk?oc=5,"Fri, 21 Nov 2025 08:00:00 GMT",2026-02-15T07:57:57+09:00
GoogleNews:物価　家計,物価　家計,物価上昇からお金を守る！ 発売22周年のロングセラー家計ノートで、わが家のお金をラクラク「見える化」「仕組み化」 - PR TIMES,https://news.google.com/rss/articles/CBMiakFVX3lxTE9xQWc1QVYzcmJSZE0tVjViSVJNRFBJWlIxN2ZsQUg3NkNTMGdDeFBNbGlPSm1oU0NUMXdGNFlzbHItU3FjNUtJZmk5T0UxV1NWelp5N3NGOGNoSk1VUGJfV0hEcW5TWjlzUlE?oc=5,"Wed, 22 Oct 2025 07:00:00 GMT",2026-02-15T07:57:57+09:00
GoogleNews:物価　家計,物価　家計,【くふう総研】約9割が「家計の見直しが必要」と回答、物価上昇と将来不安が背景に - PR TIMES,https://news.google.com/rss/articles/CBMiakFVX3lxTE80MER5UHV2ZUwxT0ViTWJJYzVXcl9KYUdCQkc4NVE4YXNGeDJwVm5iTnV1QUdjcTU4LUpSNlN4UHBBWFRGRlFQUG83TkFIWmU4NXJsNTFGYzdCd1FKLU9QbjRxR2RKYXZacmc?oc=5,"Thu, 03 Apr 2025 07:00:00 GMT",2026-02-15T07:57:57+09:00
GoogleNews:物価　家計,物価　家計,9割以上の子育て世帯が物価上昇による家計への影響を実感 - ライフネット生命が調査 - コマースピック,https://news.google.com/rss/articles/CBMiVkFVX3lxTE1IX0F5eFowQVlRbXFDOTFUOUFqYlpYb2xzLV9Ubkw3YmE3N2RZWGF5S0w0dDdvdTBKcnJoUUhfRXFBMVpjY1pkZ2E5TTVNUXpEamhrSmlR?oc=5,"Wed, 20 Aug 2025 07:00:00 GMT",2026-02-15T07:57:57+09:00
GoogleNews:物価　家計,物価　家計,物価高騰対策の家計支援 杉本憲也市長の公約実現に向け一歩前進 国保運営協議会が市長に答申 静岡・伊東市 - Yahoo!ニュース,https://news.google.com/rss/articles/CBMif0FVX3lxTFA5OVlhdXZSMWNsWWtJY1NGV3U4NWZIRVRJQ0NEN2tmb0drN21mN3d6clhoa3k2MXo3ZHBlaHF4alk3MGJSVzJUQUg0ZWN1dXlGTXZqRWZlZTNyTHNack04Sl92UXBqRVJ0SHFETDZDa0Jjd3Faem16WkVlOHAyLUU?oc=5,"Wed, 14 Jan 2026 08:00:00 GMT",2026-02-15T07:57:57+09:00
GoogleNews:物価　家計,物価　家計,“猛暑インフレ”が秋まで影響？ 生育不良・出荷減少で食卓直撃 物価上昇で「家計負担感が高まる」専門家が予想 - TBS NEWS DIG,https://news.google.com/rss/articles/CBMiV0FVX3lxTFBkTTRnV01VVXV4UmQtbUs1WjhQY0NBYklsRDhfUVJmdktsS2cwMWpPM1RVNFlIeHY2WG04TlVsZUphV0NNamh6Sm1RNGVRVVJkWVdMUW5TOA?oc=5,"Fri, 22 Aug 2025 07:00:00 GMT",2026-02-15T07:57:57+09:00
GoogleNews:物価　家計,物価　家計,2025年2月のカレーライス物価、1食407円 初の400円突破 5年間で5割高、コメ・野菜の値上がりが家計直撃 3月は1食420円前後まで上昇予想 | 株式会社帝国データバンクのプレスリリース - PR TIMES,https://news.google.com/rss/articles/CBMiakFVX3lxTE9QY2xOa1IxVmpZOVF5SkFCV0s2ZXp2ZWlDbjhKWlRoLUwySllzbXlaODlBRHdad0hZWEw1a2dzMHVkbldyTmt1X0R3bndvTmsybS1jR3ZuLXZ5aWRMeGUtRURTcE9FNEJHbEE?oc=5,"Thu, 10 Apr 2025 07:00:00 GMT",2026-02-15T07:57:57+09:00
GoogleNews:物価　家計,物価　家計,［6月消費者物価指数］ガソリン価格の抑制で伸び率鈍化もコメ類など食料品の値上がりが家計を圧迫 - 新潟日報,https://news.google.com/rss/articles/CBMiXkFVX3lxTFBoZ2NQTjlNZEp1MENLbGpYQU5iNGV4MS1Mb0ZmNWppZ3VTV3RXN1pRU0E4Um8xRk9lYVVES3lhSTRHU3ZJT2ZHSDJUX0VfRldMTEx1bEtrS3RIZWpEeHc?oc=5,"Tue, 22 Jul 2025 07:00:00 GMT",2026-02-15T07:57:57+09:00
GoogleNews:物価　家計,物価　家計,「トランプ関税2.0」は桶川市の家計を直撃するのか？物価高騰から市民生活を守る具体策を問う - 公明党,https://news.google.com/rss/articles/CBMi8AJBVV95cUxNQzN0V1VYRERlZ0xzNjhPamhSejhsZ1VvQ0kyYl93RVFxOFNmNTBsSEc2REFoNUtvRTBvSzRTR1F6a01lUldDZXFUTHZ4U3daT29RUW41M1Rvb296N000ZlBHcjRYUzF0dXlUYzd0VFp0SWtIOHBKZ05tVU5jTzlZTmFZdUp2MlMzMHhoTGlCSUhyaTB4VXMzbU11cmw0UnB3bzVuWXBZT2lRU2NoazZMalpJWld4REdTR3czbUg5M0lsVWdwaHVkVThpN1JCYkxzUG5NUWFVYmZwUEh4YkYxTWlPWlAtcVdBbGlPU0R3d0djT0ZVUkxRMmRhX2o5ZkZNNWN3NXZ2VGd5SllWOWdhNUs5TEl0RDE2VXYzRENGUXdVQmVuMkNyM2YwTy1TZE53LUUwTWpTMEh3SjdzNDRWbG4wVFlBMnVhaVZPV1BGeXdBV0J6NkdHbHk0VndlTHowU1FwNEl6OUs4RkhRZTdMcQ?oc=5,"Fri, 15 Aug 2025 07:00:00 GMT",2026-02-15T07:57:57+09:00
GoogleNews:買い物　調査,買い物　調査,買い物・ショッピングに関する実態・意識調査（2025年7月定点ココロスタイルリサーチ） - クロス・マーケティング,https://news.google.com/rss/articles/CBMiW0FVX3lxTE1PTlFvUTd0Z242UG5nQkFxQVdpR3dTLUxQMUNZOURPaTZkUmd6R2RKckJSX3BBR3ZlQ1VTYm1zby1JZVpvbEJkaXZvUWJ1bHY5TkZxbWp2SHFEQU0?oc=5,"Wed, 23 Jul 2025 07:00:00 GMT",2026-02-15T07:57:59+09:00
GoogleNews:買い物　調査,買い物　調査,応援購入サービス「Makuake」サポーター調査から紐解く、ECにおけるお買い物の新たな価値観「楽しみとしての購買」とは？ 〜「こんなものが欲しかった！」という出会いと作り手・ストーリーへの共感から生まれる、「作業」ではないお買い物体験の実態を解説〜 | 株式会社マクア - makuake.co.jp,https://news.google.com/rss/articles/CBMiRkFVX3lxTFBKVXR5OWU1dmpBc2hTMDNSdUkyOW1lS2dldVh1eTFsMVozOEtBVjQyczRqaU1zVHZGV2dfSlN0QkswbXlMNlE?oc=5,"Fri, 06 Feb 2026 08:00:00 GMT",2026-02-15T07:57:59+09:00
GoogleNews:買い物　調査,買い物　調査,日本の購買行動調査―購買行動から読み解く生活者の類型 - PwC,https://news.google.com/rss/articles/CBMikAFBVV95cUxNUk1IUFVhWk5FdENMM04yYzJ3N0FzaVdhX1VPUVpOVzcyUXhpTXdBNmhTeGZDcFplOFd0TURiODVuU2cxb1pmaVQ3WXB3YVFYWkFYRW1kNVVMa1hXd3pydDYxOWRPUjRBYzQ5OXAyaTZRQ0VPVjJPLXpGajl1RTJOejU5UFdScEZOY0ZiWldzcHg?oc=5,"Tue, 26 Aug 2025 07:00:00 GMT",2026-02-15T07:57:59+09:00
GoogleNews:買い物　調査,買い物　調査,mitorizが実施した食品と日用品に関する買い物調査の結果 - コマースピック,https://news.google.com/rss/articles/CBMiVkFVX3lxTFBLeWxoVTEzTDN5aDZVallZSmk4RmdPNVVOSFlZMmUwc3Q2T3RvZGhxUUVHaXZaNXRRbkVuRGJ4dXlTWnpaOGtnbmF3c1k2a2RrRnJjR2hn?oc=5,"Thu, 04 Dec 2025 08:00:00 GMT",2026-02-15T07:57:59+09:00
GoogleNews:買い物　調査,買い物　調査,270万人のレシートデータから見る「買い物動向」調査 9月、全国・地方別のカップ麺売れ筋ランキング - global.toshiba,https://news.google.com/rss/articles/CBMipwFBVV95cUxPVE01ck95LWt4VmcxZGhjQ1R5VjItQU52dnU1TkhRa2thZU1DbWFrOG9vbkh3S203MGRqbHI4VTdNZElhVFpjWkpaVndGSUdETlM5ekxtd3NybkZndWFMTXlYVkVhN2lzRzFWamZpYi1HSUNTS0w0Xy1LQXZtOWs1aDRaekl4WjhIR2dLYTFFM1JGQmRQZ2NfMmYweUt5U3J6MXdRUUJ3MA?oc=5,"Thu, 30 Oct 2025 07:00:00 GMT",2026-02-15T07:57:59+09:00
GoogleNews:買い物　調査,買い物　調査,博報堂「生活者のサステナブル購買行動調査2025」若年層を中心にSDGｓの認知がさらに進む。一方で、エコ疲れなど現状に停滞感を感じる割合も４割以上と高い。「身近なエリアの活性化・暮らしやすさの貢献につながる商品」を購入したいと8割が回答。サステナブルな商品に - hakuhodo.co.jp,https://news.google.com/rss/articles/CBMiYEFVX3lxTE9zSUJqOEVHUjB6djVmRjFnVDc0LWFucVIxZVZTLWxqSTZoWmVJN0FQVWZoNTMwbTZhLTVlUHgwcmZFelpWT3JnMnhYblFpckFHQXZuZmZpZXo3aldfUnpWVA?oc=5,"Thu, 21 Aug 2025 07:00:00 GMT",2026-02-15T07:57:59+09:00
GoogleNews:買い物　調査,買い物　調査,【スーパーマーケットでの生鮮食品の買い物に関する意識調査】まとめ買いや仕事帰りの買い物が主流となる中、6割以上が - Digital PR Platform,https://news.google.com/rss/articles/CBMiQ0FVX3lxTFBzWGRXNzB0c0NGM1NlMVJPS05BOGdzNFFpYmp6NzEtdzNsVm4wc3paMFZBejBVVlg3eE9ERXhDVjVGT0U?oc=5,"Wed, 01 Oct 2025 07:00:00 GMT",2026-02-15T07:57:59+09:00
GoogleNews:買い物　調査,買い物　調査,Z世代の2025年買い物調査、「ファッション」「推し活・エンタメ」が上位に - PR TIMES,https://news.google.com/rss/articles/CBMiakFVX3lxTE5qQXloMEhYMzdsZC1hQUt4Ymc3OENQUlBja1lIelJEUkJJXzVxSV9DTi1MZlJROFk3VTBoRUdlTFBocHFHOTdTNVZOQXFIcEdta2p4T2htYm9HcGNCQ0trWFJueUJYeEkyZmc?oc=5,"Tue, 23 Dec 2025 08:00:00 GMT",2026-02-15T07:57:59+09:00
GoogleNews:買い物　調査,買い物　調査,スーパーでの買い物調査：消費者の75%が「価格」重視、90%に衝動買い経験あり－ファンくる調べ - コマースピック,https://news.google.com/rss/articles/CBMiVkFVX3lxTFBFLVFCUVJ0YTdrQkdiR2t1MUROM0dwLTl3ZzFuYmFFZ011WjZnWmZ3aDJIbzY4eHBoX1RmQTZNLWRuS085REZ1V3lEdlRGY3BWYzJjc1hB?oc=5,"Tue, 01 Jul 2025 07:00:00 GMT",2026-02-15T07:57:59+09:00
GoogleNews:買い物　調査,買い物　調査,2026年は使う？守る？「お金と投資」に関する調査／ラジオ番組「馬渕・渡辺の#ビジトピ」と共同調査 約6割が「大きな買い物は控える」 - PR TIMES,https://news.google.com/rss/articles/CBMiakFVX3lxTFBjOXRrSFdNbmxOTWpQLXVxNDBsU041V1RLeEZPbzg0N3JiTkY4VEZIQnFxcjJpMEplcU45UGZQUUthR2dwWS13VVA5bGZCRTdSMXF6a00tLWZsRTVzblZtdE1xNXBoRWZVRUE?oc=5,"Mon, 26 Jan 2026 08:00:00 GMT",2026-02-15T07:57:59+09:00
GoogleNews:買い物　調査,買い物　調査,＜Qoo10「2025年買い物における女性の心理白書」＞2025年、女性たちが買い物において重視してきた考え方とは？Qoo10「2025年買い物における女性の心理白書」発表 - PR TIMES,https://news.google.com/rss/articles/CBMiakFVX3lxTE9IY3JKSl8zY2RWWS1pT0xPR0VNNlpPOFRHenJMZUpWRGs0c2VhdE5nOWpqZzJWalpXR01fd2NKUkhsZUs3WGhldHNPZ2c3c0VvWkJxZHBLRkt6T05yQ181OWJ4bF91UmhrRnc?oc=5,"Tue, 20 Jan 2026 08:00:00 GMT",2026-02-15T07:57:59+09:00
GoogleNews:買い物　調査,買い物　調査,Amazon、ブラックフライデーの開催に向けて、「年末のお買い物に関する調査」を実施。「お買い得」「品揃え」「利便性」が3大ポイント - PR TIMES,https://news.google.com/rss/articles/CBMiakFVX3lxTFBfRlVQdk1CY2pvd2pBNlZMdTIxbTl2N3BLNEJYdjRHR1dxUDI5Y2s2SmdUY1pFeHBKY05OOG4xUVJvNXgyUk5QUW00ZU1EcEdSVzBqZVhlcnBlYjdUd2hiaGRRV0M1clVGd0E?oc=5,"Fri, 14 Nov 2025 08:00:00 GMT",2026-02-15T07:57:59+09:00
GoogleNews:買い物　調査,買い物　調査,280万人のレシートデータから見る「買い物動向」調査 12月、全国・地方別の味噌売れ筋ランキング - PR TIMES,https://news.google.com/rss/articles/CBMiakFVX3lxTE1WY2Nfbmx4TXQ3cG1LZ1dQeWo4TFVEejNXSEdZQVFwRV9KVjFIeWJiU2I4VDZ1Q2o3VEU4TkszUGZ6VW9jYmoteVdXUjZNOWJIbnVhSXRCWnJVTFhXZEplRlNGaENiLTFLbWc?oc=5,"Thu, 29 Jan 2026 08:00:00 GMT",2026-02-15T07:57:59+09:00
GoogleNews:買い物　調査,買い物　調査,「ブラックフライデー」の認知度は95.5%！セールでの買い物予定者の約8割が「節約のためのまとめ買い・買い置き」に活用予定 - PR TIMES,https://news.google.com/rss/articles/CBMiakFVX3lxTE1fbld4RHhnQmJraHVFNTF5b0FCYmY4a3ZZSF9tMXdoNlpUbXdsYUtrNkJzd3VYUnQtOWJSMWprQnpsODJrSGhvdjh0VS04VE5wMUkzcEpxeWNkUFJKNmtVVTBCMUlYUC1WcUE?oc=5,"Wed, 22 Oct 2025 07:00:00 GMT",2026-02-15T07:57:59+09:00
GoogleNews:買い物　調査,買い物　調査,【ネットショッピングの購買行動に関する調査（2025年）】 Amazonの利用がトップ、ECモールと企業オンラインストアの使い分けが鮮明 ―エクスクリエ調査 | 株式会社クロス・マーケティンググループのプレスリリース - PR TIMES,https://news.google.com/rss/articles/CBMiakFVX3lxTE9NTHdNUjY5S19IeFdPZWJVZmZ3QVcxbHdsQ256b1l1NHJ1N0diVFF3al9XaXd4b0xEZzZoeVZRcU9VQVgxbU9LejVwVXM2WFpoNTZFNHZ3bUlKVjljODh2ankxQzRtam9DeWc?oc=5,"Tue, 28 Oct 2025 07:00:00 GMT",2026-02-15T07:57:59+09:00
GoogleNews:買い物　調査,買い物　調査,米の価格高騰で食生活・買い物行動に変化【ショッパーマインド定点調査結果：2025年4月】 - PR TIMES,https://news.google.com/rss/articles/CBMiakFVX3lxTE5lUGkza2pLdHY3RmMxdE01S1UyaGgyZHB5Y0JrU3BlWDQxWkFIX0pjWEhVX0t0akNqQTRDMjBzTlF0OVdGYkFVanJSOUFiRHNMbDZlTHpiY2ZiQ2VfNFBjcXo1QVN0RWg4UVE?oc=5,"Fri, 30 May 2025 07:00:00 GMT",2026-02-15T07:57:59+09:00
GoogleNews:買い物　調査,買い物　調査,HAKUHODO EC＋×博報堂買物研究所「ECと実店舗のハイブリッド消費者調査」を実施 生活者の半数を占める「ハイブリッド消費者」、オン・オフの連携不足に不満ありが5割。 OMO体験の実現と次世代の購買体験「ユニファイドコマース」への対応が求められる ｜ニュースリリー - hakuhodo.co.jp,https://news.google.com/rss/articles/CBMiYEFVX3lxTE4yeGhEdGdaNTZoZWxWWXp6VkliQzNEbXdXamFJUnpWTTJUbldxaDVEdlN1azhkUEUzQlpxNFA0dXFuRmluQU9Ia19Mamh2bW0zeS1rRTZ6b3lTMFJYZ1Jqbg?oc=5,"Wed, 17 Sep 2025 07:00:00 GMT",2026-02-15T07:57:59+09:00
GoogleNews:買い物　調査,買い物　調査,【シニア最新調査】ネットスーパー未経験が9割！シニアの買物習慣と潜在ニーズを調査で可視化 - PR TIMES,https://news.google.com/rss/articles/CBMiakFVX3lxTE5IZTltV0o4NTQ5NkQ1dWJTVW14N0h3bExXdWphTFZ5WVl6dDRRTUdZVDNQOGFOYlVwWTNGb2E1NmVHZkIwdk9KWERycmUwUXRkOThIM25yZ1ZYLUJXT3NaYzNfMFVnV3gwcHc?oc=5,"Fri, 11 Jul 2025 07:00:00 GMT",2026-02-15T07:57:59+09:00
GoogleNews:買い物　調査,買い物　調査,ECサイトでの買い物についての消費者調査 | 株式会社ファンくるのプレスリリース - PR TIMES,https://news.google.com/rss/articles/CBMiakFVX3lxTE1NN3ZiczBRUVJaWXlTUUROekdiWTU0dm1McHBVdzVIS254QWo5eWdjaDB4aTVHVTFwZDN5QmZRelZJRkctU0FMNHVockFsbUViUFZtNzdGTWY0VDNvemRxbTFXSWtCdjF0dnc?oc=5,"Mon, 22 Dec 2025 08:00:00 GMT",2026-02-15T07:57:59+09:00
GoogleNews:買い物　調査,買い物　調査,【買い物に関する意識・実態調査】約2人に1人が「国内旅行」にお金をかけたいと回答。また、化粧品・洋服・映画など、日常の“ご褒美消費”も増加傾向。 | 株式会社ハルメクホールディングスのプレスリリース - PR TIMES,https://news.google.com/rss/articles/CBMiakFVX3lxTE5qMlZNVWlQeU90dGdVdnpvWHpEaGVUU1hnRF93bFBVS3lDRm5UQ2h2LWdfRkZFUHlDTHFOVFlpMEtrNjhrYjVWR05YR3VZSmwtMnd5b3Z5TDMtUFlSOUFtckpZWVJRMHlSNkE?oc=5,"Wed, 08 Oct 2025 07:00:00 GMT",2026-02-15T07:57:59+09:00
GoogleNews:買い物　調査,買い物　調査,"Amazonの年末買い物調査：節約意識高まる中でも品揃えとこだわりが重要、ギフト予算は平均11,102円で昨年比15%増 - コマースピック",https://news.google.com/rss/articles/CBMiVkFVX3lxTFBZcDVLdFBndmdaMjEzZW54bEFtV3ctbUhjekNIZk5ydHdCYkpuVms0RTc3U2xyT3hNVzlldEtMVXZFSnZyc2tZUGNRLXBaNGgxT3V6Umd3?oc=5,"Fri, 14 Nov 2025 08:00:00 GMT",2026-02-15T07:57:59+09:00
GoogleNews:買い物　調査,買い物　調査,"ママスタセレクトがマナー調査「スーパーやコンビニ前に犬をつないでの買い物、どう思いますか？」1,000人超が回答【ママスタアンケート】 - newscast.jp",https://news.google.com/rss/articles/CBMiR0FVX3lxTFBVbGp1RnVOOHZHbmpEeEo1RnpmcjlCVmc3X1o0Y1BoOTJILXA2NlcxQmRBU1RjOGs0TXBmWldVMDhNMGtlNm53?oc=5,"Thu, 30 Oct 2025 07:00:00 GMT",2026-02-15T07:57:59+09:00
GoogleNews:買い物　調査,買い物　調査,紙屋町・八丁堀が5年連続首位　買い物人気エリア　ミナモア開業で支持率2年ぶり低下　　 - 中国新聞デジタル,https://news.google.com/rss/articles/CBMiWkFVX3lxTE5aZVBDbUpRZnN3YXdheDhxcTN4aXFqc1d6MWI0Q1BXZEhTcUpyNnVGLXpZaG9XcGhxTW1KMGkzU29UVlMtdWhYclhCYk43bzROZGdSdGpRbDIxUdIBXEFVX3lxTE5KTk1MUlFqeWVLQ3hmbUZRMXFjVmJGWVVPQmtlR1R5cEFtYTBVSDhLVm4yajF2OENlVllWWUhZcEhIelUzY19hMFQ0VkJ5LXJRY24tWnc3ZmRnQVpR?oc=5,"Wed, 05 Nov 2025 08:00:00 GMT",2026-02-15T07:57:59+09:00
GoogleNews:買い物　調査,買い物　調査,スーパーでの買い物についての消費者調査 | 株式会社ファンくるのプレスリリース - PR TIMES,https://news.google.com/rss/articles/CBMiakFVX3lxTE5DcHZyZzVCMndmZ3FTN1dVbHJYR19VWE1TR0VWQWRwdXZPSGRnbWN2clNpaWxRMW1MQWpVcjZQZU9BeVN3cjdQRTQ3WnhfaE0wTDNINnVkc003LWt3MVNmTlA1ampfS20wTGc?oc=5,"Mon, 30 Jun 2025 07:00:00 GMT",2026-02-15T07:57:59+09:00
GoogleNews:買い物　調査,買い物　調査,260万人のレシートデータから見る「買い物動向」調査 7月、全国・地方別のビール・発泡酒売れ筋ランキング - PR TIMES,https://news.google.com/rss/articles/CBMiakFVX3lxTE5LM1lkUEg1TWh1WTRqT29ieC1uRmtBZ0lHdjRscFlpX0NyajRCakFFMHd1RUx1eXBZS09STGl0MXdLa2hyV1Vxckp1R0FTTzBfOGctdFliMmNBNnJ0d3U3TzFsaWtPMU9YNUE?oc=5,"Thu, 28 Aug 2025 07:00:00 GMT",2026-02-15T07:57:59+09:00
GoogleNews:買い物　調査,買い物　調査,「スマートフォンメディア＆おでかけ 定点調査2025」可処分時間の奪い合いは継続、おでかけに検索エンジン、買い物にポイントが影響 - PR TIMES,https://news.google.com/rss/articles/CBMiakFVX3lxTE1QRW5iZHZHVS0tVHlhU1E0RzRBOWI4VFJGOEF6UXBOZWpZemRQX0VUUUN2Vzg0RE5iRHY4cGFyNU9ZdFZud2g3dXhScXpLLVFDVUd2SERSR3ludlJTMURZcnRVZm00SVJBamc?oc=5,"Thu, 07 Aug 2025 07:00:00 GMT",2026-02-15T07:57:59+09:00
GoogleNews:買い物　調査,買い物　調査,インバウンドの買い物約10万件をAI分析 北海道のチョコが全国区！？ - 日経クロストレンド,https://news.google.com/rss/articles/CBMiZkFVX3lxTE56S1NkVUtOZUhtYU13Mi1mVDdCanJiZGVJM2RrU2ZGYXExd3N6YjN4aGFYMFJBREZkd1NfcElxT0kxOFFZNmdJY2FQVEVFeDdpVThaOWpLVmxqRHRva0piVC1XX2JzQQ?oc=5,"Thu, 20 Nov 2025 08:00:00 GMT",2026-02-15T07:57:59+09:00
GoogleNews:買い物　調査,買い物　調査,【トクバイ調査】7割超が「食事準備は負担」と回答。猛暑・多忙で高まる惣菜ニーズ、物価高でも「週1回以上利用」は6割に - PR TIMES,https://news.google.com/rss/articles/CBMiakFVX3lxTE1CeFctU0dxR21JcTYtZ3YxNmFrajdtajhIeGxqRW5hYWtKcldiZTlhbTJaOWxLUUE1azRmbEp2RS05WnN1RmNQLU51UF9fbnBQbVNlanhaNUVkVHE5dVVOdERVUjBfQ1F3dnc?oc=5,"Fri, 19 Sep 2025 07:00:00 GMT",2026-02-15T07:57:59+09:00
GoogleNews:買い物　調査,買い物　調査,Adyen、買い物および決済体験における消費者と小売企業に関する年次調査「リテールレポート2025」を発表 - PR TIMES,https://news.google.com/rss/articles/CBMiakFVX3lxTE82VFFaTmhfVnBhSTZJR3QzVG83RURrY2U0SGcxakpmN2M0Y1pfdi1EQVN1bVFVVzFLRXhhaTgzV1h6ZUtGejFGLWQzc042eEVfeENEa3hOX2lRSDk4LTMtbXBKYU1hMkcxYlE?oc=5,"Tue, 17 Jun 2025 07:00:00 GMT",2026-02-15T07:57:59+09:00
GoogleNews:買い物　調査,買い物　調査,物価高で8割超が買い物スタイル変化、衝動買いは「お菓子類」が6割弱 - mitoriz調査 - コマースピック,https://news.google.com/rss/articles/CBMiVkFVX3lxTE5acUFwdjQwT3V6QUZvU0RGM3RDc2RBZUFWSW1uT2UwanJpNVNZY19nLWdIR0Fjd1dDSDFlczNHOFhzYlhMaWFWUW1ETDhKdGU3aGVDX0Rn?oc=5,"Thu, 25 Dec 2025 08:00:00 GMT",2026-02-15T07:57:59+09:00
GoogleNews:買い物　調査,買い物　調査,買い物時にAIを活用する日本の消費者は12％で、前年比増もグローバル平均を下回る Adyen調査 - ECのミカタ,https://news.google.com/rss/articles/CBMiWkFVX3lxTE9Pcm9sZ3NYLVhpR2Q4TVZCYXpacEpEN29FT01iem9mNFdETUxXTERrM0VOYWV3WEhQWlNrYmtRNExhZzFjU2xtTTRtYWlYQldXaUI0WURlTHB4Zw?oc=5,"Wed, 18 Jun 2025 07:00:00 GMT",2026-02-15T07:57:59+09:00
GoogleNews:買い物　調査,買い物　調査,ケアマネが直面する「高齢者の買い物課題」－調査から見えた支援のすき間と“新しい買物支援”のかたちとは - ケアマネドットコム,https://news.google.com/rss/articles/CBMiWEFVX3lxTE9saUlsbjhHc1pEcnBVM3hTWXdxMXpac29fN2lHQkNBM18wTkE3cWZ1VHIxNk1BSjJHRXJNZWFHSVdBZ2Rrak9hanRySWs4amx4aXdZaVZOWWc?oc=5,"Wed, 30 Apr 2025 07:00:00 GMT",2026-02-15T07:57:59+09:00
GoogleNews:買い物　調査,買い物　調査,【シニアの買い物事情】買い物先はドラッグストアがコンビニの1.8倍！情報源はデジタル化が加速し店舗のアプリ＆LINEが紙チラシを上回る - PR TIMES,https://news.google.com/rss/articles/CBMiakFVX3lxTFBjYkM4RDhJLVVJdERkNElBZGRpYzg4cWpQZTM0c0hFc05zNEVWWWNZeEJIUmJxcFlsaHRsdm9QLW9XTXg4Tm5JaVpuQkplVXNiOVQ5dTFYYlp2ckVCUmJ4NTl1ZGNGMVIyeUE?oc=5,"Thu, 15 May 2025 07:00:00 GMT",2026-02-15T07:57:59+09:00
GoogleNews:買い物　調査,買い物　調査,50～79歳女性の買い物意識調査。お金をかけたいものは「国内旅行」47%、「スキンケア」42%、「洋服」40%。ストレス発散、ご褒美などの心理的動機が増加 - ネットショップ担当者フォーラム,https://news.google.com/rss/articles/CBMiUkFVX3lxTE5JdDM3TV85MFRjUGtKNTJUem42TmtQNU5fd1VnaWE3STNfTFNpdmtHX3JYVGczWURwak0wM2JyUC1PTnZrRVpFeDl0N00tREJBRkE?oc=5,"Thu, 16 Oct 2025 07:00:00 GMT",2026-02-15T07:57:59+09:00
GoogleNews:買い物　調査,買い物　調査,【毎日の献立あなたはどっち？】58.8％が、買い物をしながら献立を考える派！ - PR TIMES,https://news.google.com/rss/articles/CBMiakFVX3lxTE1yeWd4Tnp6aHZEVVNselo1UUlUQk1Zd0dTcTFKYTBXTWV4cXJFLV9kcE92bTdIZmdkRjJUcWJJRW1rVzZ2S3c3aEdTaFd3b1hmNWlyR2Y4MnZyNmEwQnRFVVo3YWY5VndlWVE?oc=5,"Mon, 01 Sep 2025 07:00:00 GMT",2026-02-15T07:57:59+09:00
GoogleNews:買い物　調査,買い物　調査,シニアの買い物事情調査：60代以上の79.7%が「買い物が気分転換になる」と回答、情報源はアプリやLINEが紙のチラシを上回る - コマースピック,https://news.google.com/rss/articles/CBMiVkFVX3lxTFA5dENIYVRaeWJNekpmUGxTRXdzNnNHTWlkR25uR0g2ZU5VWkJwTFpnbHZXQlkyY0c0ZWVUSjhQMWdtRThLU3Q3ZDF1dExiRHpzVmRpcVJB?oc=5,"Thu, 15 May 2025 07:00:00 GMT",2026-02-15T07:57:59+09:00
GoogleNews:買い物　調査,買い物　調査,"ママ1,000人に大調査！ 「ママと子どものファッションアイテムのお買い物意識調査」を公開 - 株式会社ZOZO",https://news.google.com/rss/articles/CBMiY0FVX3lxTFAxeTVrZFpyQU5ubHJQUm5oaVc5aGxjWmN2TDQ3cF9YdmhzTVdnQXU3Zk1Gc3Y5elFUNHp3VURpZnNXaWprNGdEdmpuaExkcVJvb0RySGlBSTVveXc3dDF5X1RVaw?oc=5,"Sun, 23 Mar 2025 07:00:00 GMT",2026-02-15T07:57:59+09:00
GoogleNews:買い物　調査,買い物　調査,買ってよかったものを調査！光熱費抑える賢い買い物や…AIパソコン・ハイブリット車を奮発した人も - Yahoo!ニュース,https://news.google.com/rss/articles/CBMif0FVX3lxTFBwdkdiejNVdlRQWEZxTzFBTUYzRDI3TEZWRjNjdmg0SDdEcEZBUm41OWl1Q1g4OEZ1N2tIck1WMVRiUV81YjlMUUdtRnU3dG1OSEd0cU56OHpMSTNabGs0ZXlzZHVWa0VyeEpGMjhEdWtKYXRiVmxtYXZyMk9JTnc?oc=5,"Tue, 02 Dec 2025 08:00:00 GMT",2026-02-15T07:57:59+09:00
GoogleNews:買い物　調査,買い物　調査,au PAY マーケット、2025年度の子育て世帯買い物意向調査を実施。買い物で意識したいことは「ポイ活」！一方で、正解が分からない「ポイ活迷子」も増加中!? | auコマース&ライフ株式会社のプレスリリース - PR TIMES,https://news.google.com/rss/articles/CBMiakFVX3lxTE1CdlMyYkw0cnlyWWF6VnpfT01Ja3FURWxMekRVbFBRazhUV19aSEVQN2RxMVJsY3pHcHZ6VVFGdFRid3Q0akg4cjBQdFlpNkotZGd3Q1JIRjBzVmRJeWxkLUNjaFpfaWJReXc?oc=5,"Mon, 17 Mar 2025 07:00:00 GMT",2026-02-15T07:57:59+09:00
GoogleNews:買い物　調査,買い物　調査,【Appleユーザーのお買い物意識調査】物価高でもスマホ・タブレット・パソコンは最も*¹意志をもって購入したいアイテム 約9割がApple製品は「自身の成長につながる」と回答 - FNNプライムオンライン,https://news.google.com/rss/articles/CBMiTEFVX3lxTFB5My1zSUhpb2x4eGxnMzV1TTZGNDZZV2pwZWNhT3JjTWtSYmZGTEdncTR6S0s4YkZwdy1mYmdqVXBsZ1dFMGJLMmxOR2E?oc=5,"Wed, 27 Aug 2025 07:00:00 GMT",2026-02-15T07:57:59+09:00
GoogleNews:買い物　調査,買い物　調査,国産志向６割超え ぐるなび食の買い物調査 - agrinews.co.jp,https://news.google.com/rss/articles/CBMiW0FVX3lxTE9wMmtWSVpTVWF0Rktsd09JbkJ4VjRWS0lQQ0xsX2R4a3pFM2VTeVBBcngtM3k0dU1XTGFsWEczUFVvcjRZbm56bWQwRjR4ZTM0QzlPOHljdzBSbHc?oc=5,"Wed, 30 Apr 2025 07:00:00 GMT",2026-02-15T07:57:59+09:00
GoogleNews:買い物　調査,買い物　調査,250万人のレシートデータから見る「買い物動向」調査 4月、全国・地方別のアイス売れ筋ランキング - PR TIMES,https://news.google.com/rss/articles/CBMiakFVX3lxTE8zZEJvZS14dllRQjVGcWxYa21UWGpsdUFKSlpLSTlEb01ZSkJIdk1WT21RZTlRNUMzSm1sU05ENWZqWFNfUUlDdFhyT1dfcDhQODU1MDBRRWphTnBmUjRBWThCbktSa1F4eXc?oc=5,"Thu, 22 May 2025 07:00:00 GMT",2026-02-15T07:57:59+09:00
GoogleNews:買い物　調査,買い物　調査,年末の買い物、消費者のニーズは「お買い得」「品ぞろえ」「利便性」。平均予算は1万1102円（ネットショップ担当者フォーラム） - Yahoo!ニュース,https://news.google.com/rss/articles/CBMif0FVX3lxTE5OWGF2ZWp3VlZWSm55dzFxU2RIWXFodGtkQW5ta3poWE9KdmhoWS1reFBMZjFvWHZPUTlhcG14Q21YSl9CcnJPdVRVMlpKQkwyRXM0eWZSSGI2ZV93VFZaS2x4OWNYVklJaElOR2FRZk53djd1MURrek0wRDlmQ00?oc=5,"Mon, 17 Nov 2025 08:00:00 GMT",2026-02-15T07:57:59+09:00
GoogleNews:買い物　調査,買い物　調査,お買い物アプリ「カウシェ」調査：物価高で99%が家計負担を実感、8割が「強く感じている」と回答 - コマースピック,https://news.google.com/rss/articles/CBMiVkFVX3lxTE4tZ3RIUk5NVGp4cWw3MXRESTFieUx1WEFPd3ZmVXZyMXVDZ0hTWjYxLUV4NWRuYXJMQnJJWlh0dFh4SlRoWHA0MFBhd2Z4ay1NTk1vZlJR?oc=5,"Mon, 06 Oct 2025 07:00:00 GMT",2026-02-15T07:57:59+09:00
GoogleNews:買い物　調査,買い物　調査,ChatGPTでショッピング調査？無料で使える新機能が登場 - tech-noisy.com,https://news.google.com/rss/articles/CBMibEFVX3lxTE1vV3hFU2JUU3ZoOGNnd20xRXNWUG5ORUw4djEySFhoSzBSdnU5bFBDUzVFN283YXJxaklMUmxJaUwtYnlreGVJeldzUG1lazRURmdtc09SN1hTM3E3SWVKanIwN0U5cmFpZjFWYg?oc=5,"Tue, 25 Nov 2025 08:00:00 GMT",2026-02-15T07:57:59+09:00
GoogleNews:買い物　調査,買い物　調査,260万人のレシートデータから見る「買い物動向」調査 5月、全国・地方別のお菓子売れ筋ランキング - global.toshiba,https://news.google.com/rss/articles/CBMidEFVX3lxTE1val9ub0xXaFVuS1dFemRKSVFoc1l5S21walA4N2F4MXZkVVlwZ1FGbVhHZHZhblVkVjVac0s4LW11MUh3MTdzN01NSExralBVTmhuRWNyMks4UVFvZGIyeXdSY29rMHA0VHdWZWRGc2NCNHox?oc=5,"Thu, 26 Jun 2025 07:00:00 GMT",2026-02-15T07:57:59+09:00
GoogleNews:買い物　調査,買い物　調査,ChatGPT新機能「ショッピングリサーチ」 おすすめ商品ガイドを作成 - Impress Watch,https://news.google.com/rss/articles/CBMiZEFVX3lxTE50MnRyM1E0aHBiMmI5X0VHalpWT1oxTkRXNVNPUEtqSXBLNTg3SHpjMlFtZ0FEbmhFbVpTZUFKZnBXWHFIMExnRk9PcTdfOEdhdk50M3Y5NHpmWmxmRWRodVBSZ1M?oc=5,"Tue, 25 Nov 2025 08:00:00 GMT",2026-02-15T07:57:59+09:00
GoogleNews:買い物　調査,買い物　調査,新商品に飛びつくのは41歳9カ月まで？ 調査で判明した「生活寿命」 - 日経クロストレンド,https://news.google.com/rss/articles/CBMiZkFVX3lxTE04ejRvLWNleWN6NEVUeExSQUZTV19QSmlZMXFfVGV4SGZRcWVncXFWQmZXSWpGenRQbUM2WVRUQlVkX2o4OW1LbDFKYS1oX2V1RWpEWmlxRnRyejZRdU5UUU50SzFBdw?oc=5,"Thu, 15 May 2025 07:00:00 GMT",2026-02-15T07:57:59+09:00
GoogleNews:買い物　調査,買い物　調査,食品スーパーにおける計画的な買い物についての調査結果 - コマースピック,https://news.google.com/rss/articles/CBMiVkFVX3lxTFBMeWU5TzhiZXAxbVdPMUNHNnZURHZLekxuY1ZEeUUxNVd3VkYtV3FOaEZsZlFsQ3VLUGYtS0kzZjFaWXdWY2hMS1dPV0VOREZuRlJCQjVB?oc=5,"Wed, 26 Mar 2025 07:00:00 GMT",2026-02-15T07:57:59+09:00
GoogleNews:買い物　調査,買い物　調査,買い物困難者対策 ９割の市町村が必要 農水省調査 - agrinews.co.jp,https://news.google.com/rss/articles/CBMiW0FVX3lxTE5uVjVfX3ZHMDZpbXB1YTRBTVFjTmhjZU5UM1dMZ29CN2ZwaW5VYWY3LVAwY2w1ci03TzBvaHZRNGM0YWFEVVM2bXFXN2ZUT1RJdXZWVXg5WTc5aGM?oc=5,"Tue, 01 Apr 2025 07:00:00 GMT",2026-02-15T07:57:59+09:00
GoogleNews:買い物　調査,買い物　調査,250万人のレシートデータから見る「買い物動向」調査 3月、全国・地方別のパン売れ筋ランキング - PR TIMES,https://news.google.com/rss/articles/CBMiakFVX3lxTE44Uks4OEM1d2xsckdfWFNwOXFkZHFQUXFXZVVleXlLRGdWSExvbTdtcWJlcUotRHdYelRqcnZMdFFTTWdoN1EwX2FrNTFMbk9ZX3ZYVlo0RF9pTUlXWmFvWjZnRU9HQXZqekE?oc=5,"Fri, 11 Apr 2025 07:00:00 GMT",2026-02-15T07:57:59+09:00
GoogleNews:買い物　調査,買い物　調査,約4人に1人が「サイトが使いづらい」と感じて買い物をやめた経験 NEXER調査 - ECのミカタ,https://news.google.com/rss/articles/CBMiWkFVX3lxTE9PSjBOU0RCdjktcmZQaHpFN0tlNkpBNWxpZGJJR1pUTGlDemFfTTVCWC1kMTBnUDNjOXA1QU82enB3ZEs5WU5wdXNGV1RKLUxBeFhHWUp6Ry1Qdw?oc=5,"Wed, 19 Mar 2025 07:00:00 GMT",2026-02-15T07:57:59+09:00
GoogleNews:買い物　調査,買い物　調査,240万人のレシートデータから見る「買い物動向」調査 2月、全国・地方別のカップ麺売れ筋ランキング - global.toshiba,https://news.google.com/rss/articles/CBMidEFVX3lxTFAzR2hUSmJTWFJWdWwxdlFlRzFzcGE2cEZtZUg3UnRJSzljSWNxYXNEcDlWcVo1dmRvVUJFcTVtZFU2cEwwTDk4dDV5RXNRUlB4dGppNFpieUtnRmluSTQ5dEdEOVJrR3FTcEpRMGNhcmlyME5E?oc=5,"Mon, 24 Mar 2025 07:00:00 GMT",2026-02-15T07:57:59+09:00
GoogleNews:買い物　調査,買い物　調査,買い物環境アンケート調査について - city.gojo.lg.jp,https://news.google.com/rss/articles/CBMidEFVX3lxTE9WMjBiQ2dNekxNUnNnVzFIRjJWampuRnBFZ0x1bkxEcDRRSmRMbThwUklkWk5HRjNrSDBLSW4wZWdRQmFWeG5pNkVJOTR4dE5RMFJoMWc0TE5aNGJRNmEzMUJhcXFZeWN2QUs5b0M1cGtMWGV0?oc=5,"Sun, 02 Feb 2025 08:00:00 GMT",2026-02-15T07:57:59+09:00
GoogleNews:買い物　調査,買い物　調査,価格高騰を感じる食品1位は？求めるのは“便利さ”よりも“お得さ”？「スーパーでの買い物に関する調査」 - ウォーカープラス,https://news.google.com/rss/articles/CBMiVkFVX3lxTFBZSmJqaVZLNFlzUXp5eW1sa0tGVlNRa2dMNmtUamJaMkdnZ2QxT1FabVJwNnhybFM1ZWkwT1dyMEJCVTUyT0p6OXRWYXVfRFp6Q1BUS19B0gFbQVVfeXFMT1BLT1I5TURjMTliNmtqb1VZNnNBcjE2ODhjQzZWajhnaTM3VjZBTDFBdFY5eDY0Q1hSTHk3azJVbTNkem5KRmtmd1VibXlwQXMtZzRGOExTZjN2TQ?oc=5,"Fri, 16 Jan 2026 08:00:00 GMT",2026-02-15T07:57:59+09:00
GoogleNews:買い物　調査,買い物　調査,訪日で買い物する場所1位はドラッグストア 台湾人と香港人対象に調査 （ジーリーメディアグループ） - 株式会社旅行新聞新社,https://news.google.com/rss/articles/CBMiTkFVX3lxTE8xTkl1aTJ3anhJM2VDdzNaYVFYc2N1MHlHM1ppZlhNaGRpNzJVZ0NpNmhzc3lWVHZJUk9qUFZDWkN5ck1yWC1MV1V6NDJQZw?oc=5,"Tue, 12 Aug 2025 07:00:00 GMT",2026-02-15T07:57:59+09:00
GoogleNews:買い物　調査,買い物　調査,ECサイトで買い物する際の重要ポイントと使いづらさの影響に関する調査結果 - コマースピック,https://news.google.com/rss/articles/CBMiVkFVX3lxTFBWcmpMUk1tSUc2cHZPQ0k5YzY0ZlBzY3ZyYXIwUlk3Tk5sX0EyVGJ2YV9FQk5YNVh2dTAwTzRDZ1JVRXI4QndXSDRVZWU2elBuSlhVRnN3?oc=5,"Wed, 19 Mar 2025 07:00:00 GMT",2026-02-15T07:57:59+09:00
GoogleNews:テクノロジー　健康,テクノロジー　健康,テクノロジーで“健康寿命”を伸ばすAgeTechの最前線 米国で関心が高まる - Forbes JAPAN,https://news.google.com/rss/articles/CBMiWEFVX3lxTE8wNE1qZVB4b2xhSzFVLWMyRUtBUWxiNlNLMDFMZ1FNVk5xVThYdkk0WjB1RTMwWTdPY1E0RW85MXI1ZTB0S3lTaC1DdjVYVEtBaHloT0k0aXE?oc=5,"Thu, 15 Jan 2026 08:00:00 GMT",2026-02-15T07:58:01+09:00
GoogleNews:テクノロジー　健康,テクノロジー　健康,社員の健康をAIを活用しデータでサポート セゾンテクノロジー、AI食事管理アプリを全社員を対象に無償提供開始 - PR TIMES,https://news.google.com/rss/articles/CBMiakFVX3lxTFBvV0Q0d2hGLWp5TlItVFNLSGpIXzlfYTNLeU5uT1lBdXhfOV81blo5eFBYYXBiVThIS3hGbWZlR0dkaTN4bTBNUlpnM1NyRnctYlI1OWNyMmZlQ0VxM0hteHZzdDZMc3dMVXc?oc=5,"Thu, 30 Oct 2025 07:00:00 GMT",2026-02-15T07:58:01+09:00
GoogleNews:テクノロジー　健康,テクノロジー　健康,健康への取り組み - DXC Technology,https://news.google.com/rss/articles/CBMiWEFVX3lxTFBYMElGejdmNVN2ak16S0VxZHlSazNCdy14S2ViS0hVT01HSXJWUE5qSkxzcTVkdEFhc2FzT2Z4SFZJU0ExZHlBRmFqYkdmdkJqYUdJVDZTWmg?oc=5,"Wed, 10 Dec 2025 10:32:39 GMT",2026-02-15T07:58:01+09:00
GoogleNews:テクノロジー　健康,テクノロジー　健康,コミュニティの健康コンサルティングとケアにおけるデジタル変革と AI テクノロジーの適用に関するコラボレーション。 - Vietnam.vn,https://news.google.com/rss/articles/CBMiswFBVV95cUxNQ2JHSU5HTTNlYXE3aGM4U3JOeUxKbUs5MHQ5NUNEaDNHdW4wT3FXQURVZU1GaFF3TU1iNUNHMjVtREhvT2NCNlZqT2Y0dWYyQVhnUWpHS2Rvc2taOVdNWlh0UUhNQUV6SE44TDZqSkl5bUR1cGFVMzZfWk52MDVvWHV5LTg1Wm5sVFpmRWpEbzhqdms4clpjeEUzRzdCREZBZjFOempRTDZXT0w4NmlOSVVPWQ?oc=5,"Thu, 05 Feb 2026 08:00:00 GMT",2026-02-15T07:58:01+09:00
GoogleNews:テクノロジー　健康,テクノロジー　健康,未来調査2026-2035 先端テクノロジー編｜日経BP【公式】 - 日経BP,https://news.google.com/rss/articles/CBMiWkFVX3lxTE5TLVRKT1VDblFfcUJRb1BsMnB1VnB0QTVVVWtyb01IalFpbHBob0s5R1ZGMzFoaWRVdHRpX3c1Z21TbWhQeFc0ZWxMd0VuTnB1WDBjVUVTZHJFdw?oc=5,"Thu, 02 Oct 2025 16:29:05 GMT",2026-02-15T07:58:01+09:00
GoogleNews:テクノロジー　健康,テクノロジー　健康,学習院大学が11月23日に「『超高齢社会を科学するIV』＜健康長寿社会のテクノロジー＞」を開催 - u-presscenter.jp,https://news.google.com/rss/articles/CBMiVEFVX3lxTE9BVE9IV0dwNEpxUDJyRm43WVlYMHdVVUhrOU82R1VyeGMxWjVsMkhodDl6RF9BeUFpemtBTFVGcjVpc1pNcWxEWkJOUDI4Rm5kelZBbQ?oc=5,"Tue, 20 Jan 2026 23:53:34 GMT",2026-02-15T07:58:01+09:00
GoogleNews:テクノロジー　健康,テクノロジー　健康,健康に貢献する信念を胸に、新しいテクノロジーに挑む - otsuka.co.jp,https://news.google.com/rss/articles/CBMia0FVX3lxTFBNNGVZOW1tZXRxeFpUNVlvVFBOMkxWbWhtVjI4Sm12ZW5tRmptclhuWTRxVGhMclpKYV9RTV9mcjhxZEszNVFOSk8xdUxPZVk5RVEwSW5kdmlFNlAzTUpmMXBQdm95d2ZUaUUw?oc=5,"Tue, 04 Nov 2025 22:17:22 GMT",2026-02-15T07:58:01+09:00
GoogleNews:テクノロジー　健康,テクノロジー　健康,鹿児島大発、がんを注射で治す時代へ トヨタ系“健康カー”の実力 - 日経クロストレンド,https://news.google.com/rss/articles/CBMiZkFVX3lxTE9oakxWV0xLYjBTWnNOU0ZqZHVZY1ZsZTI4dkFCb1l1ZWd4Wjhtc1kzNkU1alFHa19DRFFnZGZWTTRkYnFjdWI1dW9SVkxpekdpbEREbFNGSXh6WWZveHNkQVBZR2Yxdw?oc=5,"Tue, 27 Jan 2026 08:00:00 GMT",2026-02-15T07:58:01+09:00
GoogleNews:テクノロジー　健康,テクノロジー　健康,サセックス公爵、未成年者の精神的健康への損害を理由にテクノロジー大手を相手取った訴訟で両親を支援 - Mix Vale,https://news.google.com/rss/articles/CBMi2wJBVV95cUxNUk9hNU9OZXROQ0FMbTltTmtScXEzcGZZN0xLOUFOcHVNZnpEWmNfTU9rck54R0p4emc0SXpobmEzbWVQTTNxYUhodklBVjhaanoyMVhwRWQ3X2tEVGFFeGU4UTgxX3ZUX3VkNjNqNnQ3RzEyWkJOVHBuazdoYXdPOHhGRTdYUUIyb295QVpqZXk4Y3QtTUlxdUpVeUw3WE9JeW9GeFJNTzhraUxzejhDbWhwTWNCclZhOG4zc2hVQVUzY3I3UFVNaFoyTTBEcjRKcEFZRVhkVDJHZXNzeE5VZ21kaW1fNFd0NnY0WDF0cDZURlU0VGZpOEdDb2g0Yy1MT0pNUzZNdGhYQ1pKN2FNV2gxeUpCOWxtTWk4VzJpenJxUkc1ajJWbU9sRU9zYjdCdXE2T0JCLUVyUHFwMlBqUFJ0V1hDdWNpVGtXcS1oYnNSS3JDM2VKTTYxUdIB4AJBVV95cUxOTmVXMmpScDlDRFdCSV9LNkdnYkNKUXhlVHJZR24yQlpQLXdKTFdUVGQzR0g4Vy0teTBKWTZndEl4eXUyZDkwbGRNZjNtWlIwdHFiWHZxSElScGVMSF9IaHBtZHFyNVVnUjQ4N2wzTVp6YVRiWnA1N2xHc29BWEN5WW9KUFA0QWw4ejNaWEFKWW9ncjhsZmJ2c2dvMEM2NzkySjNoNnRreVdNbk5qM3Zrd24yeF8yczJwMVhJVnJrcFlKM2dpSFVxVHRDNVdoQVRnREFVVnJBUVhnOVNkVXBrSENnZUg0ZGgwSE5KVXVidHB5VElTMXMwM2c0OUNhTWU4c204YW9iZzI3cW9MeGJQbG56TmFRVUxTMXFJdVM0ZENEV0V6MEJpOTAwZkJKMGhVeFBKNzBQd2lkLXVGSjVzSlZwRkQ5bmNVbWlVZHZZZE9MR1dtWU1QRlFTUWJPcTRY?oc=5,"Fri, 13 Feb 2026 21:08:48 GMT",2026-02-15T07:58:01+09:00
GoogleNews:テクノロジー　健康,テクノロジー　健康,目の健康の未来を共創する。 万博で描くアイケアとテクノロジーの邂逅。 - rohto.co.jp,https://news.google.com/rss/articles/CBMiU0FVX3lxTFBiRHd4YVBLa1BHZmRoaDkwYVJEcGxsUW1FSGloaXYzRXBDRUxVZHJhbVRUeFpDV3hxRWsyWkRtclJiRkp4b2xYNE1mSWJGV1FKTWh3?oc=5,"Fri, 05 Sep 2025 05:26:49 GMT",2026-02-15T07:58:01+09:00
GoogleNews:テクノロジー　健康,テクノロジー　健康,働く女性の健康サポート フェムテック製品一堂に 月経、妊娠出産、更年期…健康課題をテクノロジーで解決 - 下野新聞社,https://news.google.com/rss/articles/CBMiW0FVX3lxTFBhcXpfU1JhM21pOVBObTc4V3dmc1JqZlZ6aHA2ajR6eWJoSnp4NzFQVTAtOVE1T3dOeDlTVi13Y3lDXzZHNlJpaWpuWmVIajBYcEZnOEVzSG1LOW8?oc=5,"Wed, 26 Nov 2025 08:00:00 GMT",2026-02-15T07:58:01+09:00
GoogleNews:テクノロジー　健康,テクノロジー　健康,女性特有の健康課題解決へ向けたテクノロジーやサービスの展示会「Femtech Japan 2025/Femcare Japan 2025」にLIXILの「ビデ専用ノズル」と女性にとって快適な空間を出展 | 株式会社LIXIL - Digital PR Platform,https://news.google.com/rss/articles/CBMiQ0FVX3lxTFBHYVlZUldqN0hvNWN1M2poaW83SnN1WXoyOFg1UHQ2dFl4UDhlTjBiU1RuX2RrS1R0bGh1N2VqWVFYdEk?oc=5,"Thu, 27 Nov 2025 08:00:00 GMT",2026-02-15T07:58:01+09:00
GoogleNews:テクノロジー　健康,テクノロジー　健康,信頼、テクノロジー、女性の健康が導く次世代ヘルスケア、アメリカ発のウェルネス最新レポートを公開 - PR TIMES,https://news.google.com/rss/articles/CBMiakFVX3lxTE5ibEc0RUNzMTV1cTRhNElHaXNsZnhBWkJCRGU1MnhObVMwc3NYVW1vb216VWFRZ0ZUWHZaV3BkaEpHZDZPTXFGMFN0MzZUcTBvYXpNRXNTSG13TnR4U0ZITjBoNmRZOTBMcUE?oc=5,"Thu, 09 Oct 2025 07:00:00 GMT",2026-02-15T07:58:01+09:00
GoogleNews:テクノロジー　健康,テクノロジー　健康,女性活躍推進テクノロジー協議会、新検定「WETC認定女性健康経営カウンセラー検定試験」をリリース - PR TIMES,https://news.google.com/rss/articles/CBMiakFVX3lxTE45ejJIb1RqSEx2X3A2NlZmWUdOeDVUdHNxSUw3TFptWEpvdjlRQlpEcDFCZWp5bjF1MVRsVngtbU5nRDhqNVRLTzl5ZTkwLWttdEtMMXc4WnJyWHFUbDY2Z1lCNmZyVGpaMHc?oc=5,"Fri, 14 Nov 2025 08:00:00 GMT",2026-02-15T07:58:01+09:00
GoogleNews:テクノロジー　健康,テクノロジー　健康,【人生100年時代のテクノロジー期待度調査】健康維持と体の変化を補う技術に、いずれも半数以上が期待 - PR TIMES,https://news.google.com/rss/articles/CBMiakFVX3lxTE1ROHktQXZfY015QmRxN0RoblZJX3RUYzFNTnZZWEw1bTJueTAtYUZuUDlMTUdEN1ZUdGhSdWM5Tzk4bHBMU2Z3VzhweXhRazBuMzR5OFVEQVQtTDFJNUI4NzNlUlNwbnVBTFE?oc=5,"Wed, 24 Dec 2025 08:00:00 GMT",2026-02-15T07:58:01+09:00
GoogleNews:テクノロジー　健康,テクノロジー　健康,Flora、「第10回HRテクノロジー大賞」授賞式に出席 フェムテック×地方の挑戦に注目 - PR TIMES,https://news.google.com/rss/articles/CBMiakFVX3lxTE1JWUJKWmcxQm1QVEpsbXFIa0xUT3Vmdlp3SDNmUzJRSm1vSVR0RkdHbUhER0dhWVdEZkN6eG4temh1TmthVmhudmV6bnRIWUo1Zy1WZkoxcHkzOUxQdDVLcjdJZUg2cGdLQmc?oc=5,"Fri, 17 Oct 2025 07:00:00 GMT",2026-02-15T07:58:01+09:00
GoogleNews:テクノロジー　健康,テクノロジー　健康,Flora株式会社、「第10回HRテクノロジー大賞」にて「地方活性賞」を受賞 - PR TIMES,https://news.google.com/rss/articles/CBMiakFVX3lxTE84VTJTOUUxNTAyeUo5Z0FWaExCbzV2b2lDSnhIaGhSNEloUXRzWm1CQk1MLXdxM0wzNXIzTEl1MHpSMXRNUURSUUk5U2kxLWZ6NEl0RDhlcThSY0ZVVGIxbVNaR3gzYzVsX2c?oc=5,"Thu, 07 Aug 2025 07:00:00 GMT",2026-02-15T07:58:01+09:00
GoogleNews:テクノロジー　健康,テクノロジー　健康,スマートシティ×公共交通・都市DX・未来テクノロジー・人材育成・健康・自治体経営｜調布市70周年の寄稿も掲載──見逃せない最新トピックを一挙公開 - PR TIMES,https://news.google.com/rss/articles/CBMiakFVX3lxTE9sQTl5czhZN3lIX2lDRjdTR0VSWGxLZ0gtc3JMcnEwSmNvdGh5RFBZMzdjajVwcGd1VDl4V185dU5VcmRsckZTdncxVThhR0F4MTRVVkhZNDZiMGFTRkdqMTRWcDZiaXRNb3c?oc=5,"Fri, 05 Dec 2025 08:00:00 GMT",2026-02-15T07:58:01+09:00
GoogleNews:テクノロジー　健康,テクノロジー　健康,東京パワーテクノロジー、健康経営を経営戦略の柱に - PR TIMES,https://news.google.com/rss/articles/CBMiakFVX3lxTE41MkllQXBNNDZQM1JIZTJNWHEwNElKRnFQNElIcjNQdjBxS1N3Tmhsa2N4VVp4azNDSmc4NEJhV2pWWkx5WTdqRW0zemdFSEpKdUFHeUlQNWI0MC1JR2FFNFlscXVwVnFFeXc?oc=5,"Thu, 09 Oct 2025 07:00:00 GMT",2026-02-15T07:58:01+09:00
GoogleNews:テクノロジー　健康,テクノロジー　健康,セゾンテクノロジーの健康経営は経営のためではない 社員の豊かな人生を願う社長のライフワーク (1/3) - HRzine,https://news.google.com/rss/articles/CBMiTkFVX3lxTFB2MEY2MXJKVjV2U0V1Y3hQdEdHZjlJd29DUHhsbm9qY1VpTHdSLW9JLUlOX1JuOHJQX21aV3FuVVJ3NEZxWTlfcW9Na2JfZw?oc=5,"Tue, 29 Jul 2025 23:05:38 GMT",2026-02-15T07:58:01+09:00
GoogleNews:テクノロジー　健康,テクノロジー　健康,『家事負担低減』や『美容・健康』の社会ニーズをうけ「Air Bubble Technology」搭載商品が累計 15 万台を突破 - PR TIMES,https://news.google.com/rss/articles/CBMiakFVX3lxTE1ZbXNNQlZLWVd1RGV4SGpJYjRLU0hvdWN3SlpkU3pxVEp1QW82S2I3YUlQX25qcTZsRTZyR2daTzJQcE9hOXJybV8weUp4dGZtMEs0S25YTl9VU0FFajZPS0UwUDdkdURlTUE?oc=5,"Mon, 27 Oct 2025 07:00:00 GMT",2026-02-15T07:58:01+09:00
GoogleNews:テクノロジー　健康,テクノロジー　健康,Fujitsu Technology Parkの再開発プロジェクトを開始 : 富士通 - Fujitsu Global,https://news.google.com/rss/articles/CBMiXkFVX3lxTE5WY2tmWmdGS29ubFNGZGVwNnBFYVdfYVpyTTUwa29iRkNwRmM0SXkwdFV1ZlFWMVBnZHpUOHR3a3FzRi1GSmxMeUhwTjFhbVoxc3R6ZENEUzZLbTc5emc?oc=5,"Mon, 02 Jun 2025 07:00:00 GMT",2026-02-15T07:58:01+09:00
GoogleNews:テクノロジー　健康,テクノロジー　健康,"企業向けヘルステクノロジー企業で健康福利サービスを提供する""Judi Health""がSeries Fで総額$400Mを調達 - AT PARTNERS",https://news.google.com/rss/articles/CBMiggJBVV95cUxPb2JHem5UbkhZVTVzVzRwcVFTWmJGeHBpNUVuektRdVY1bDFqVm9qMUZjcHpfZllhWlNlQ0puYnV4Q3hWNHpab2NiMWxwWVdMV1p6eGhWQ1RENzRXMzZRNWI5RlF0RU0xbk9yeHRoM0F2WG83MEV3aFJLTFBCZllla1VyLURLVkFtZGFhWWVkQ1I5VjNmeGNwSDBrSkNKWTlsRlMtNXJuTkZxSzJFM0pjYm02c3Y3ZGpLbmpvMDhjRUxaZGU5SUFUQTEtNnk3WjUxSEdaaXg0OGEzTGo1M1ZTMkdzaHR1Nmk4Y2JEdVhuZDFWdGQ0NG9ZS1pjQkxXS0V6amc?oc=5,"Thu, 25 Sep 2025 07:00:00 GMT",2026-02-15T07:58:01+09:00
GoogleNews:テクノロジー　健康,テクノロジー　健康,食×テクノロジーで健康を支える - シルタス - MUGENLABO Magazine,https://news.google.com/rss/articles/CBMiX0FVX3lxTFBGaEpDV1h2R3Nfb0tkd3U4QThwMk4wVlVXUTkxd0wwTm9OS2ZtTElteEdfNklIMlhmX1RlcnByams3SEE5UXNyeUFQMFduLU5ocTJ1d0ZrZ1dUOG4xdmZn?oc=5,"Tue, 24 Jun 2025 07:00:00 GMT",2026-02-15T07:58:01+09:00
GoogleNews:テクノロジー　健康,テクノロジー　健康,おにぎりをお得に食べよう！ 「カロミル」と人気おにぎり専門店「ぼんたぼんた」が「健康おにぎり」プロジェクト開始 - PR TIMES,https://news.google.com/rss/articles/CBMiakFVX3lxTFBwd0dlS2RDTVJMQnpaY2tZdmNFTG80dkRvNm5OT1N1cU5sS3JwWGlOZy1FR08yb3M4QUtZdjVXWEo1cDlWUDVLaENsTXZUZ0h5NDdtS0NzZWJGb1Exbms2cWFvNFdXc2h6Mnc?oc=5,"Wed, 10 Dec 2025 08:00:00 GMT",2026-02-15T07:58:01+09:00
GoogleNews:テクノロジー　健康,テクノロジー　健康,富士通パートナーとして医療の最前線を支えるエム・オー・エム・テクノロジー、健康優良企業「銀の認定」を取得 - PR TIMES,https://news.google.com/rss/articles/CBMiakFVX3lxTE5qaUpQWUhrZ2lYaXplT2M4Tm1OdTFfSHdlZEI5NEdnQ01rdVdNWUxDOEZyMTFYTlNWWUZFQTNWOVY0MG1GM01UWVdIdmY3VVdsWkJWcDJPOUJfNlk5VXZRTmVmTVd0X3J3ckE?oc=5,"Wed, 30 Jul 2025 07:00:00 GMT",2026-02-15T07:58:01+09:00
GoogleNews:テクノロジー　健康,テクノロジー　健康,健康長寿のためのARDD：科学、テクノロジー、投資が再定義する未来 - EurekAlert!,https://news.google.com/rss/articles/CBMidEFVX3lxTE5PdEtabFVoY3A2Q1M4SkQyX2pOZFNaWWIzM1dOREJRR2stU2FrUXdvVTdhUXo5dF9FZ0NsUFdTVXo2QmJkRnpSRWhVZnlzZVRCMEQydzF6WVVSQXFBOFVRWmJDem9HbUVkOWlCX1NBSllVLUpV?oc=5,"Thu, 21 Aug 2025 07:00:00 GMT",2026-02-15T07:58:01+09:00
GoogleNews:テクノロジー　健康,テクノロジー　健康,信頼、テクノロジー、女性の健康が導く次世代ヘルスケア、アメリカ発のウェルネス最新レポートを公開 - FNNプライムオンライン,https://news.google.com/rss/articles/CBMiTEFVX3lxTE5VQjdPNDhtcDZaREV5OU1NV1lZXzlxdEVzVlpaOV9JbERVM09Mbm9EQzhBUGkwNi1BWHAwNm8xZHI1N3V5YmNybzM1OGk?oc=5,"Thu, 09 Oct 2025 07:00:00 GMT",2026-02-15T07:58:01+09:00
GoogleNews:テクノロジー　健康,テクノロジー　健康,社員の健康維持・増進を目指し、社内ヨガ教室を定期開催 - PR TIMES,https://news.google.com/rss/articles/CBMiakFVX3lxTFBORVVjalRvVmJXTVJTWFAxanVqU29TcEdTOTVxS3ctUEdGY3lOYTFLV3dLb3hhLTNDV0JCWW5rX1hnOWpaS21hUHo5OEMzeWpxdDBrSTU5MGstQWctSnk2ekc5Qkw5YzhXRHc?oc=5,"Fri, 20 Jun 2025 07:00:00 GMT",2026-02-15T07:58:01+09:00
GoogleNews:テクノロジー　健康,テクノロジー　健康,Pestalozzi Technology株式会社 日本健康・運動データ総合研究所、10月13日のスポーツの日から、個人のウェルビーイングを高めるためのフィジカルリテラシー診断を無料で一般提供開始 - PR TIMES,https://news.google.com/rss/articles/CBMiakFVX3lxTE9VZFdrMmNVNDVfWnRnZnQ2MmxCZ2JBbkUzNTNMazhMSHJXTS11Rkc5OVpkTUxXRG95LXdsQ05KS3BUOUI4VFhmOUQyZi1ra05qRE9KcTNYNXJTZEl5QXZGRVNlN3VoSGYzOEE?oc=5,"Mon, 13 Oct 2025 07:00:00 GMT",2026-02-15T07:58:01+09:00
GoogleNews:テクノロジー　健康,テクノロジー　健康,最新の美容・健康テクノロジーが集まる展示会「WELLNESS ＆ BEAUTY TECH 2025」を初開催！ - PR TIMES,https://news.google.com/rss/articles/CBMiakFVX3lxTE1vZlE3Q01pSGN0SGZTT3Myc2hlMFZvVmRuTjMyS3A3dGdBV1Q2cGNtSEFhNnNPVWI0elBNTnN1RzJxRnNrOG1YSjFjN3BlS3ltelljSVNhVEtQN3VwNWZtampTTXRvXzdhd1E?oc=5,"Tue, 15 Apr 2025 07:00:00 GMT",2026-02-15T07:58:01+09:00
GoogleNews:テクノロジー　健康,テクノロジー　健康,テクノロジー 8/1: OpenAI が健康のための AI を発表、Samsung が RAM 価格上昇に対応。 - Vietnam.vn,https://news.google.com/rss/articles/CBMipAFBVV95cUxQYVc5aGdtOXFoSm8yUzVrSVpDYVVWWXZRa2ZJUHB2d3g1UXZKVGVocVZaaWM2STZET0hDbVNvUTZEa1JkZ0hvR1Z1SzZudFBScHFqeXcyMHJKdUhnNXpjMkVCUWpqT3BINXZsY1RmdzhfaW1TRThfS3VsZ0xhT1hkdWk2OVZJcHVJRzVwNDRhcGxjOWdRMUtRWS0tVUxLXzlmdE41cg?oc=5,"Thu, 08 Jan 2026 08:00:00 GMT",2026-02-15T07:58:01+09:00
GoogleNews:テクノロジー　健康,テクノロジー　健康,【締切5/13】バイオテクノロジーを用いたGX・脱炭素や健康・医療分野において、新製品や新技術の事業化を目指す研究開発やアイディア等を具体化する試作品の開発などを支援する「2025年度横浜市トライアル助成金」申請者募集 - スタートアップポートヨコハマ,https://news.google.com/rss/articles/CBMiZ0FVX3lxTFBCQ0l1dElUZ3VfdERzVTRCdEtyX09zZ3g3UUVHTU16bjhaaXg0OGVVQmVZQ1lpdTYwbWl0cVBfNWZ3WW5ELThVbmFuX3Y1WUFhR1Zwc2hLZ3FRMlJMQTgwU1VQZkVmS3M?oc=5,"Sun, 13 Apr 2025 07:00:00 GMT",2026-02-15T07:58:01+09:00
GoogleNews:テクノロジー　健康,テクノロジー　健康,先端テクノロジーを活用し新宿・初台エリアのライフパフォーマンスを向上させる「Wellness Lounge™」をグランドオープン - NTT Data,https://news.google.com/rss/articles/CBMia0FVX3lxTE4xYUhqUUN0Snk2WGk2R2hvYnF5WU5HU195Y0NYU2JsQ1JFRlZ5STdzQ1dLaUp3R0JtWUtDOEJxelpWZHlDTDcyaGthd0N4UndaV24tMGxMQkM0bnBOTHBmYk1lVklPVUI5Tm5j?oc=5,"Wed, 23 Apr 2025 07:00:00 GMT",2026-02-15T07:58:01+09:00
GoogleNews:テクノロジー　健康,テクノロジー　健康,Pestalozzi Technology株式会社｜日本健康・運動データ総合研究所を設立。資金調達に伴い研究活動・運動データ利活用を加速 - PR TIMES,https://news.google.com/rss/articles/CBMiakFVX3lxTE93RWFKNnl4Mk1LMklBUVFtcXpwLWlXNm9UZVlBU1ZQUERIa0tEYWg0amZkTkhsNUNVUG5yck1PR19oT0VtS216QXZ4NkNLM0RqNmxmTnpROFh4SnZwNDNzLWVmUDhObTczRlE?oc=5,"Mon, 24 Mar 2025 07:00:00 GMT",2026-02-15T07:58:01+09:00
GoogleNews:テクノロジー　健康,テクノロジー　健康,フィットネスの未来：テクノロジーがワークアウトと健康に革命をもたらす - Stars Insider,https://news.google.com/rss/articles/CBMiWEFVX3lxTFBtaE9HVDRwa1dyYTJ1UFpnVFlyNVVNd002cF8wb19PSlVjY1BUbVRwT2dDSTFuVV9lb2dmMmVrWE10N2hINUNadTJNVVRjeWxSdi01WlNxa3U?oc=5,"Tue, 20 May 2025 22:26:47 GMT",2026-02-15T07:58:01+09:00
GoogleNews:テクノロジー　健康,テクノロジー　健康,理工学科 健康科学・ テクノロジーコース - 関東学院大学,https://news.google.com/rss/articles/CBMiogFBVV95cUxQaDAzcW1lci1naWo0RDRCaDk0U0ZSd3FaZG41a0cxaHk1VEdvamZDaWR2dm5QdW9BZDV3Zko2eHh6eHVHVFFIdFYwd1QwNDQwVGhIa0NqdnBoeVBrbVpVQ09pa0JBOHh6VGJsOHJBZF9SQmtBYUpROWVwYTA1R2pJckYtbEhKZFJOTlRuZURPaVVLYlZSN3JJenRuXzV0MExwdUE?oc=5,"Sat, 19 Mar 2022 19:24:08 GMT",2026-02-15T07:58:01+09:00
GoogleNews:テクノロジー　健康,テクノロジー　健康,【2024年 カロミルユーザー調査レポート】食事の管理は健康維持への第一歩 - PR TIMES,https://news.google.com/rss/articles/CBMiakFVX3lxTE04S1lUdDRTdzkweWhtOXBGbXE3NkNZTjdCY0lTYk9tcG9ER044d0x4LUx2VVg1SVdoUEVXeUJFQkpzYVBjMWRHS0lOeUhaZFEwcVlpYkFDQlUwcVJHSWROczlFbjRfNFB3TkE?oc=5,"Thu, 13 Mar 2025 07:00:00 GMT",2026-02-15T07:58:01+09:00
GoogleNews:テクノロジー　健康,テクノロジー　健康,セゾンテクノロジー、オフィスに高気圧酸素ルームを導入～「森の隠れ家」で社員の心身の健康とパフォーマンス向上を支援～ - PR TIMES,https://news.google.com/rss/articles/CBMiakFVX3lxTE5iZDhzQndzUG1yYm1yMDhKVWk0c1RENTNtbS01Tnk0ZVBud055UTRGaW5pZk54ZEFkRlFLNVVDcEJ1c3NIbzQwV09zRHFQSmxGSTZOVUQzVU01R0VRRFh1NDAwdkFDTnBVSmc?oc=5,"Mon, 03 Mar 2025 08:00:00 GMT",2026-02-15T07:58:01+09:00
GoogleNews:テクノロジー　健康,テクノロジー　健康,『仕事と人生を変える 勝間家電』書評｜テクノロジーで「時間」と「健康」を取り戻す実践的ライフハック - Smart Watch Life,https://news.google.com/rss/articles/CBMiTEFVX3lxTE8zTV9ZaFRMdnA3c1RIS1ZkbElZZzFuTDQyQ3F2bGFGNHN5bkcyQ042VjduZFhJcThHb0tvVFVXdGxtakJWVnBvb1R4WUk?oc=5,"Wed, 22 Oct 2025 07:00:00 GMT",2026-02-15T07:58:01+09:00
GoogleNews:テクノロジー　健康,テクノロジー　健康,女性の健康をテクノロジーで考えるフェムテックイベントに 漢方専門薬局が出展 「WEHealth2025」＠原宿 - アットプレス,https://news.google.com/rss/articles/CBMiTkFVX3lxTE9SOTN6MUZ2RkpUWkVrV0hMQ2FzbXRrQTBvRE15clFkRkdfLWZHZzl1MC1wTEQ4cUp3a2pHZ1ZQNFU0aWpVSWhJM2tEMWtTQQ?oc=5,"Wed, 26 Feb 2025 08:00:00 GMT",2026-02-15T07:58:01+09:00
GoogleNews:テクノロジー　健康,テクノロジー　健康,テクノロジー・ロードマップ2021-2030 医療・健康・食農編 - 日経BOOKプラス,https://news.google.com/rss/articles/CBMiYEFVX3lxTE0xY1JJRkpDVVBZZGQwTW90UjBOMnZVaHlzQWFiN0dMbEpyMmFQNkJPN0JnOVFVQzVJNzUxVG9kcmtMT3BNSS1TR09LMkt2MDgwc25lX0JGcVpPLVQtaVhCTg?oc=5,"Thu, 21 Apr 2022 10:06:39 GMT",2026-02-15T07:58:01+09:00
GoogleNews:テクノロジー　健康,テクノロジー　健康,多様なリンクワーカーとともにつくる社会的処方とテクノロジーがつなぐ地域主導の未来型健康社会のソリューション創出 - jst.go.jp,https://news.google.com/rss/articles/CBMihgFBVV95cUxNampCdFgyT3VCM0VXR0VhQmxNWU9wLWlkUWZJM3d3Smk0aHJpLWVuT0swalpQaUhrTm5qc3ctUGdCbjhKSVYtZGpjSG9SRjU0VDBtQXVUV1l6QkwyTzVsVVhCb1NnWkM1MF9jZjlOWDIyUl9mS0Z6Z05Ea3F0WDhKZ0Uxek9zUQ?oc=5,"Mon, 11 Nov 2024 03:04:04 GMT",2026-02-15T07:58:01+09:00
GoogleNews:テクノロジー　健康,テクノロジー　健康,テクノロジーを使ったフレイル予防体験イベントをロボリンクで開催します！ - pref.kanagawa.jp,https://news.google.com/rss/articles/CBMiZkFVX3lxTFB4RExJOWZyZjIxS1JQTUNMQ21FaWo1d1RlQ2xhRUtOdXhacUw2T2Q0SUd0Y2lfRGVoYXRpZkh5WXNkTmpKYVlVT1I4ZFZDYjBOM3YyTnQtTXdHOW5fd0hCUTlPdEZBUQ?oc=5,"Thu, 27 Feb 2025 10:53:19 GMT",2026-02-15T07:58:01+09:00
GoogleNews:テクノロジー　健康,テクノロジー　健康,AHWINフォーラム「アジアの健康長寿にテクノロジーの力を活かす」 - 公益財団法人日本国際交流センター JCIE,https://news.google.com/rss/articles/CBMiY0FVX3lxTFAzWWNaMXo2cVpyVk5Ldy1TbF9RMVYxZ05PQlRGaVlpZVdoRFRkclhEbWdEZ1Nyam1Rd0RhX3VzaHUtWUg5Zzd0c0ZINlpWVDY2WUtRYUJWbTFYYkxCQmJzYkpaOA?oc=5,"Thu, 12 Jan 2023 08:00:00 GMT",2026-02-15T07:58:01+09:00
GoogleNews:テクノロジー　健康,テクノロジー　健康,アウトソーシングテクノロジー、健康優良企業「銀の認定」を取得 - PR TIMES,https://news.google.com/rss/articles/CBMiakFVX3lxTE1QMF9Dc3BGbURaRndmWEtkNFhaN1E1LTAyVy1oOU1ob1BPY0dWcTJ1WE04NDllOWFWWmVLOThaeDhRdTdtQmlXRlRBeU1tWG1Nd2JEZmdRbDZtSldSeVY1MDhtcDdhQmctSUE?oc=5,"Fri, 30 Aug 2024 07:00:00 GMT",2026-02-15T07:58:01+09:00
GoogleNews:テクノロジー　健康,テクノロジー　健康,健康経営、最新テクノロジーで 従業員の働きがい向上 - 日本経済新聞,https://news.google.com/rss/articles/CBMibEFVX3lxTFA4cG9pOEt6UENmNmZLaURkWlF1UmkzdEkxTTZiT19kTzEzVWdIc2dGSzBjaTA1bm5VS2RfLU1nOXlHc1FkSVN2Zkc5OTRHUHpmX1RGV1Z4THY3anNJcUFTQWp6aU5TbWE5VTVSbA?oc=5,"Wed, 08 Nov 2023 08:00:00 GMT",2026-02-15T07:58:01+09:00
GoogleNews:テクノロジー　健康,テクノロジー　健康,ブリヂストン 女性特有の健康課題をテクノロジーの活用で解決する フェムテックプログラムを導入 - 株式会社ブリヂストン,https://news.google.com/rss/articles/CBMibEFVX3lxTFBLcENCeWdJdzdHczVDc2RwanBWR0lMQ2FJaG8taF9GX3JucjczRVRYc0FtdlQzejhHanRiQXJKSWp3ODdkQ0NOdnZrc2lISkhicnFzZDJTeVZvS1F4ckVDUmlqcW5ETHZPQm05ag?oc=5,"Thu, 27 Apr 2023 07:00:00 GMT",2026-02-15T07:58:01+09:00
GoogleNews:テクノロジー　健康,テクノロジー　健康,フェムテックとは？ 女性特有の健康課題に挑むテクノロジーに注目 - 日経ビジネス電子版,https://news.google.com/rss/articles/CBMiZ0FVX3lxTE5xVXVzUHVRd05pamFicmNYWWdQZGhYSUVieXRTNmQ0QnY2Q2I5eW83VEY5YWxkSkxoRVhyb0tTZFE2alJ0M1JlZVFaZzI1RG1xSnExX09ObWZiMVItZktVV2pxNDhGMjA?oc=5,"Tue, 19 Oct 2021 07:00:00 GMT",2026-02-15T07:58:01+09:00
GoogleNews:テクノロジー　健康,テクノロジー　健康,『医療・健康ビジネスの未来2025-2034』 - 日経BP,https://news.google.com/rss/articles/CBMiVkFVX3lxTE1xeWs1UVA4YWFxdmZobHJjZFBTR0xCWHpfSC1KSFh2ZHpaUWFWdWU4TzNCSnNSZjhpeDJqZzU0clhQVUN5TDZUUzJSRnhRVFdueF9HWEZB?oc=5,"Sat, 24 Oct 2020 02:52:41 GMT",2026-02-15T07:58:01+09:00
GoogleNews:テクノロジー　健康,テクノロジー　健康,ウェルビーイングテクノロジーが創造する超高齢化社会の未来 - EY,https://news.google.com/rss/articles/CBMisgFBVV95cUxPTkkwQTZZcVFnLTMxSW1YUmVHLVAtMk5IbEc5TG9LYzcxOUFXMlRYZmpjVzE3aWhFUjJpRkZMdHRVRzA4RWdfTVdOT3kyRGZhRWhRdXJWSHdVbWs3ZUsta3VfbWxaaWFzU1NiaXAtUnl1SG02WmstNnZITmtZQXdTUGhPVlU1aDhKMENFUHdJWlNBNWprSGp5TU9mN0xUbzc0bWs3bldnSmN4U2hsQWtDc3VB?oc=5,"Thu, 11 Jan 2024 08:00:00 GMT",2026-02-15T07:58:01+09:00
GoogleNews:テクノロジー　健康,テクノロジー　健康,【開催報告】メンタルヘルス政策プロジェクト 当事者視点で考えるデジタルテクノロジーの利活用促進に向けた目指すべき方向性「心の健康を高める『メンタルヘルステック』を取り巻く政策課題と今後の打ち手」第1回ラウンドテーブルディスカッション（2022年9月1日） - HGPI,https://news.google.com/rss/articles/CBMiUkFVX3lxTE5Zc2J1aWxYSVcxZWtYeVNlRy0zZHAwQmpEdlZ3T1pPb3NlRHBrWHctNVVBTEkxWnQzd0hMeVJpOHhIZVZiUk1DQ0gyMzRFZk9WdFE?oc=5,"Fri, 09 Dec 2022 08:00:00 GMT",2026-02-15T07:58:01+09:00
GoogleNews:テクノロジー　健康,テクノロジー　健康,テクノロジーは「健康」を変えるか？進む静かなるイノベーション - MITテクノロジーレビュー,https://news.google.com/rss/articles/CBMirwFBVV95cUxOd1ZtbU96UmFMYy1oWXV3TlVvTkpKSWRxRTVhVE1PZjdmQXdNWUV6QVZUa1dod3RxRmFQdjNtdUFFRWRCNDAtaEdjV2RQY2RHWjNNMzd6RFptY1pwd213VC0xbm5tTEhZSm1xTDZVVXRjckVtWGZuZ2dBdXZMRmhRQlhhdE05NDlqak1fb0FvTmE4dXo3SGZ3LUEtRFJNVy1Wemc5djBPVEpkaHBRSTJN?oc=5,"Fri, 24 Aug 2018 07:00:00 GMT",2026-02-15T07:58:01+09:00
GoogleNews:テクノロジー　健康,テクノロジー　健康,セゾンテクノロジー、40歳以上の全社員を対象にスリープテックを本格導入～睡眠時無呼吸症候群など睡眠課題に対して専門医の受診補助や予防を目指したデータ活用にも注力～ - PR TIMES,https://news.google.com/rss/articles/CBMiakFVX3lxTFBQRTVfVjBlRjZmRzhQOUptN2hEWDF4UUFVRnNiWjByUzk1S1lyb3BrelJUVTBaVk92d2t1QnFjSjBIS0tZVERiVXRpemptSWFOMHZfQnRTQXZHZGxtTnQxNnNFMldXUG5tdFE?oc=5,"Mon, 02 Dec 2024 08:00:00 GMT",2026-02-15T07:58:01+09:00
GoogleNews:テクノロジー　健康,テクノロジー　健康,【プレスリリース】政策提言：超高齢社会におけるイノベーション ～テクノロジー・健康・介護・都市計画へのインパクト～（2019年4月15日） - HGPI,https://news.google.com/rss/articles/CBMiTkFVX3lxTE84LWYxTDltSVN2M1NJRl9uTEVjNjVKU1pQU3hVNUV0NnlQdk5kQXZkZV9CMmFXek55Mk9lTEU4TWtqaUgwNzByTnRUdG43QQ?oc=5,"Tue, 16 Apr 2019 07:00:00 GMT",2026-02-15T07:58:01+09:00
GoogleNews:テクノロジー　健康,テクノロジー　健康,高齢者の健康維持や孤立防止に役立つテクノロジー製品 - ZDNET Japan,https://news.google.com/rss/articles/CBMiU0FVX3lxTE9zSG1IVUhycmNqSnh0RWZCYWlOblJxVURZMm81N1paY19SWjNfcFBxaGgzYXFTclpRak1DTmZIWHlnclMzUThnMFpfME5NVXViNGJ3?oc=5,"Fri, 20 Jan 2023 08:00:00 GMT",2026-02-15T07:58:01+09:00
GoogleNews:テクノロジー　健康,テクノロジー　健康,【AsianScientist】老年期を豊かにする「つながり」テクノロジー - Science Portal Asia Pacific,https://news.google.com/rss/articles/CBMibkFVX3lxTE15eXZZYXJ4NGZsRzJGcWV4SHZoSlhoZF85R0U4aC1Ub04wTHBoNEZnVVpYNHJUaU4tOHRuaFJvRXJmRTgyTjRKOTlnOC0tSlJUblg2ZnFTSlN3aW13anBJb1Q5Q2o0U2dLeUw3TTVB?oc=5,"Thu, 16 Jan 2025 08:00:00 GMT",2026-02-15T07:58:01+09:00
GoogleNews:テクノロジー　健康,テクノロジー　健康,女性特有の健康課題解決へ向けたテクノロジーやサービスの展示会 Femtech Japan 2024/Femcare Japan 2024 に出展 - PR TIMES,https://news.google.com/rss/articles/CBMiakFVX3lxTFBFekhIWW5FaW9pdzI3cmtkZ3RjR1FId24yVlUzek1ueXhJc2pxMUZzUUt4Y2piWmNkZmZmT0JlRnJGQ3RUMXVfdjNqTWQ3cDVtYVJxZFBYLWkwbEpTeWo1S2JNVGVOcWEydGc?oc=5,"Wed, 20 Nov 2024 08:00:00 GMT",2026-02-15T07:58:01+09:00
GoogleNews:テクノロジー　健康,テクノロジー　健康,アシックス独自の健康増進プログラム「アシックスヘルスケアチェック」が、「第8回HRテクノロジー大賞」で「イノベーション賞」を受賞！ - アシックス コーポレートサイト,https://news.google.com/rss/articles/CBMiX0FVX3lxTE4tbW9Vek5rZE8tQkJWSkd2TmdBZ2FwUGt2Um5ITldqRzRKeGtLZ2ZSSkFZWEhBQ2tLY1F5VS1VZUhnSmR4dDRHRklVcTdzV2JpRW5YNkpfSS1ZblRsQXhr?oc=5,"Tue, 01 Aug 2023 07:00:00 GMT",2026-02-15T07:58:01+09:00
GoogleNews:食　政府,食　政府,【お知らせ】2025年10月こども食堂へ政府備蓄米の無償交付の追加支援について - musubie.org,https://news.google.com/rss/articles/CBMiTEFVX3lxTE51eFhFZEt0LWpWOHp5UHQ0X2FBRlB1TmFGLTZSazRMU05WcVdDQ3dCTVVJZlZra1AydDdUZFJFMGFrUkJtOEdNVWcxZkI?oc=5,"Wed, 08 Oct 2025 07:00:00 GMT",2026-02-15T07:58:03+09:00
GoogleNews:食　政府,食　政府,日本政府、フードテックを国家戦略分野に指定｜官民連携で供給力を抜本的強化 - Foovo,https://news.google.com/rss/articles/CBMibEFVX3lxTFBZTUh6VldEdzJiQmw1VVMySTlMSGIxTGVDRWR6V1BmMDdyZUhPUGtTMmVsN1FVSVduM05ZNGNuelMyaXFiYURHTjJuQ3VVbk01bThiLTBQa3FUeXFTNU5aMVZablZrV0FYYU9tcw?oc=5,"Fri, 07 Nov 2025 08:00:00 GMT",2026-02-15T07:58:03+09:00
GoogleNews:食　政府,食　政府,“食”の適正価格へ - 公明党,https://news.google.com/rss/articles/CBMiVEFVX3lxTE9nX2FIc3FzanIyS0ZXMDNIazd6Q2JOOFhrdXRMbEJLY0trUFBrem1CUFJBM2V6LVREek5xVzZwc2E1bkZNRVFXcXFSdVMwSkNhTjA3eg?oc=5,"Tue, 28 Oct 2025 07:00:00 GMT",2026-02-15T07:58:03+09:00
GoogleNews:食　政府,食　政府,米政府職員がフードバンクに長蛇の列 長引く閉鎖で給与出ず、生活困窮 - CNN.co.jp,https://news.google.com/rss/articles/CBMiUEFVX3lxTE5wVmNSQjF4ZURmUXVabmNpVXQ2QXB5TVluYjNseFBkTl94WmZOaGF3T3IwT3NMcUk3cFd5U2xoaGlpdzdta0FmX0VQVHNrclpH?oc=5,"Wed, 22 Oct 2025 07:00:00 GMT",2026-02-15T07:58:03+09:00
GoogleNews:食　政府,食　政府,年末年始「緊急 食育セミナー」開催 〜アンケート回答者へ政府備蓄米3kgを無償配布〜 - PR TIMES,https://news.google.com/rss/articles/CBMiakFVX3lxTFBBNC0yV0lWOFNOVkItdV9YekVlaERDU1p5d1N2YzZHNVpCWUFWYkxmQnJEcXc2ZHJIdHJOVEQ0MDM2NVlJeHd1VXVVcFJyOGhkdUs3MF9aWEtMbWl2ei1KNllScGlBOHhFVlE?oc=5,"Mon, 01 Dec 2025 08:00:00 GMT",2026-02-15T07:58:03+09:00
GoogleNews:食　政府,食　政府,アメリカ政府が新しい栄養摂取ガイドラインを発表…タンパク質、脂肪を摂り、糖分を避ける - Business Insider Japan,https://news.google.com/rss/articles/CBMiiAFBVV95cUxQcC16Sm1oemxSeTVNb2d4R21hanhNcDhaMUhwdzBVa21Zd0FEWktwZnRCNFZaRmlxOGdMRHBfdHRfRi14RWRRbDh4MjVJczZfWFEzcXptTDJsU2dZYk92SDFaRGs2WXI1WGtsNVEtQXVVU1ptYkRaMnE1ZldsdzVRM2VVRkpQWG0t?oc=5,"Sat, 17 Jan 2026 08:00:00 GMT",2026-02-15T07:58:03+09:00
GoogleNews:食　政府,食　政府,年末年始「緊急 食育セミナー」開催 ～アンケート回答者へ政府備蓄米3kgを無償配布～ - tv-tokyo.co.jp,https://news.google.com/rss/articles/CBMibEFVX3lxTE9FaHZubnU2all3Zl9RTFI1R09SdHNYTUhrSU0wNW1nOUFCclVUUkVqMGxxYnFQcXRVTXRENnpWclNHel9pMVJCX2tJcThCTnJxRy1mRzVIY0QyUElTQTU1dVNpbVFFU3VDRDE4NQ?oc=5,"Mon, 01 Dec 2025 08:00:00 GMT",2026-02-15T07:58:03+09:00
GoogleNews:食　政府,食　政府,シンガポール政府観光局とキャノンMJ共同企画キャンペーン第2弾を開始 食文化体験と豪華旅プレゼント - risvel.com,https://news.google.com/rss/articles/CBMiR0FVX3lxTE5HWGN0aUdTdjVRdTRMU0N6VXlsTk0wZGdQVHpDWjV0anh6aGQ2SGpLRUVLcmpCdGhwcjF4UVpwcUd6T1o5aUlr?oc=5,"Wed, 28 Jan 2026 20:54:41 GMT",2026-02-15T07:58:03+09:00
GoogleNews:食　政府,食　政府,政府備蓄米の売渡し拡大 中食・外食・給食向けにQ&Aで詳細を提示 - ウェルネスデイリーニュース,https://news.google.com/rss/articles/CBMiVkFVX3lxTE9MREllM1hESEtyd1lTSlFYellQTXVaTU8zWXp1SVFGZTl0bmxYWm1YZFFXaVUtSU9IcEJ4Wk9iMWVxQVRORzVzcmEtMENMa2k4NUNNbzFB?oc=5,"Fri, 20 Jun 2025 07:00:00 GMT",2026-02-15T07:58:03+09:00
GoogleNews:食　政府,食　政府,政府、食品衛生管理法改正で食の安全性強化へ - Taiwan Today,https://news.google.com/rss/articles/CBMiUEFVX3lxTFB3R080dTNLWW0zdmdTdU1xdXlTY0tybDRCLVJFN3gxdF91T19fSlY3bE5sUmtMWnliZG9JZGdxR0NkbmFkcG5HQlJIQkZXZkZB?oc=5,"Tue, 26 Aug 2025 18:53:35 GMT",2026-02-15T07:58:03+09:00
GoogleNews:食　政府,食　政府,政府「農山漁村の宝」 三本松高「食堂プロジェクト」選定 食育推進、地域連携を評価 - 四国新聞,https://news.google.com/rss/articles/CBMiiAFBVV95cUxQTUE4MDU0NkhaZ3BJTjdEbHJQcy1yQjR3N21ldjJXV3BzNW1WT1FyYTVvVlhQTFEtb015cjQ5SlI1M0ZJcTlLLV9zN1YyN2FrMGI1NFRBdUFHbThpdE9zRGVqYjlpbXhXTzBCVFJ2TGdDMU85c2xxU190MmNtaVNpRjYzZlluNXZf?oc=5,"Tue, 13 Jan 2026 08:00:00 GMT",2026-02-15T07:58:03+09:00
GoogleNews:食　政府,食　政府,訪日客の「食」関連消費３倍増４兆５０００億円に…２０３０年政府目標、コメ輸出は８倍増 - 読売新聞オンライン,https://news.google.com/rss/articles/CBMiZEFVX3lxTE5tZHhCNWlhdG54clYyRmhWN0RVU2x0VWZEYmZXcXdSM3BROGFhVDdwWjFfNnpja2F4UC1VeVpTbFZxYWp6dEU4UERiZGpCZUhNVGtxTnMwUjZ1N1ZHY2E4Skdfb0Q?oc=5,"Thu, 27 Mar 2025 07:00:00 GMT",2026-02-15T07:58:03+09:00
GoogleNews:食　政府,食　政府,河野太郎氏 政府専用機内、機内食まで公開「へ！」「これはすごい」「結果残して」の声 天皇、皇后両陛下に随行しモンゴル訪問 - デイリースポーツ,https://news.google.com/rss/articles/CBMiakFVX3lxTE1kUTNCMVRmTzh0Ujl0d0w2M0lUQ0pwa2lrSUJTWWtXM1Z1R0oyTTFtbE5KZGE5MUtuZzFsYlZzczhNcUhzU2JJbWluV3lOU3htQ2JDQ0lBWkFIZlJGUzM3Q3U4R25OT1lRbVE?oc=5,"Mon, 07 Jul 2025 07:00:00 GMT",2026-02-15T07:58:03+09:00
GoogleNews:食　政府,食　政府,【お知らせ】こども食堂へ政府備蓄米の無償交付の追加支援について - musubie.org,https://news.google.com/rss/articles/CBMiTEFVX3lxTE9CTDZFUkVpeERnd0VSZUlJeWVCT1Z5OE00cVJtQm9Zak8yQ2VXTThOT0V3QV9DaFI5M3dtMUp5cEZtV0o4Q01OSzVmXzQ?oc=5,"Thu, 10 Jul 2025 07:00:00 GMT",2026-02-15T07:58:03+09:00
GoogleNews:食　政府,食　政府,政府、フードテックWGを設置 17の戦略分野で成長戦略の検討体制固める - Foovo,https://news.google.com/rss/articles/CBMib0FVX3lxTE1UZUI3U1RjV0w2MTY0S3F5QU03T2tqZzY3QXlFeVRaMnF5UXBNVmlZU2RROV9sdXdXU1h3MHBVY3VEcDRTdXpLWVlkMEI4ZjN5ZGdJMTgxbHhGNDBTbmFkRzdzYi1ZWFVHNlZRWjNWSQ?oc=5,"Fri, 26 Dec 2025 08:00:00 GMT",2026-02-15T07:58:03+09:00
GoogleNews:食　政府,食　政府,全国の子育て家庭約1.2万世帯に届ける「夏休み給食便 ～政府備蓄米でこどもたちを支える～」実施決定 - PR TIMES,https://news.google.com/rss/articles/CBMiakFVX3lxTFBLVEJOdm1GWnhqQVE2eFRVQ1UxcUVEbTdVWTVsWmFIRVVtZTFSLWp6c1BYQ2lFNElEeXBhakdBcFJpek1TRTJIdDZZQzdjeGw2dlBQanFTZ3U1d1VFbFZiZnctZ09tUWt6YVE?oc=5,"Wed, 02 Jul 2025 07:00:00 GMT",2026-02-15T07:58:03+09:00
GoogleNews:食　政府,食　政府,いまどき「1泊3食7000円」？バス運転手は足りるの？ 台湾有事の「12万人避難」政府想定は現実とズレまくり - 東京新聞デジタル,https://news.google.com/rss/articles/CBMiU0FVX3lxTFBUN2tTM2lrQ1V2bGRaa3gxWlRZaEk5R29IM0NqWVdWSmlIckdkSEJZSVVZdEY3THRXa1FCeXdFZGEyNkVPWmd6bjVHU2xpeHlZd2NV?oc=5,"Sat, 29 Mar 2025 07:00:00 GMT",2026-02-15T07:58:03+09:00
GoogleNews:食　政府,食　政府,【タイ国政府観光庁 後援】タイのおいしさは発酵食にあった！ 現地で食べて習って追求したタイ全国の発酵レシピが一冊に - PR TIMES,https://news.google.com/rss/articles/CBMiakFVX3lxTE0ycjRlVFFfNTNlNDZUWTc3U2hqb0ZJWG44bm5ZckhnekI2dk0xSV9vVkFFWnduaW5JRDJXSEw4MDQwVmM0akNZM2EtZUxoWlgwM21GdUVNREQxODlQSlZXWGVOVjNTUFFkZnc?oc=5,"Thu, 18 Dec 2025 08:00:00 GMT",2026-02-15T07:58:03+09:00
GoogleNews:食　政府,食　政府,全国の困窮する子育て家庭 約1.2万世帯に届ける「夏休み給食便～政府備蓄米でこどもたちを支える～」記者会見を実施 - PR TIMES,https://news.google.com/rss/articles/CBMiakFVX3lxTE9mUUpBSDVSeXJZeWZ0UVhiYzZBeXZoV2I4dVhvVVBEZTVTZGxWQnVwLWsxQlM4XzUwWkZrR2lTckdyT1F4VS1lWXg3Z2xHT29qYUNWUWdRSkhFY0JWam91RE5kV0JaZVVQS1E?oc=5,"Wed, 02 Jul 2025 07:00:00 GMT",2026-02-15T07:58:03+09:00
GoogleNews:食　政府,食　政府,マカオ政府観光局「2025 マカオ国際美食都市カーニバル」を開催～21 カ国・34 のユネスコ食文化創造都市が集結する美食の祭典～ - PR TIMES,https://news.google.com/rss/articles/CBMiakFVX3lxTE9FRU5wb3ZDN3lWTm1WbDNERkVHcW12Y3N3Mi1tQ09JMjdONE1QNW5uQ3EwN1gxc3o1bjZmOFFvNTgwWk1GZjNBd0xzWnlEMGRpV2tSYTlqWGdGOXZfN2g0c3lvSTJjaWsyRmc?oc=5,"Tue, 08 Jul 2025 07:00:00 GMT",2026-02-15T07:58:03+09:00
GoogleNews:食　政府,食　政府,【実食】ようやく買えた10キロ4000円の「政府備蓄米」。私は「まぁ食べられる」と思ったけど、家族からは不評…“おいしく消費”する方法はありますか？ - ファイナンシャルフィールド,https://news.google.com/rss/articles/CBMiW0FVX3lxTE1wWEg5R3pEMVJ6RnBib19hVVEySlNWTEtGRENqSDFmVFlWZTZyUm9yMDMxaFBCY3QtZU9LRFE1VnFnVlNVeEZpUkdiZEFfYVlaOXNMeWZDajdCMDQ?oc=5,"Sat, 13 Sep 2025 07:00:00 GMT",2026-02-15T07:58:03+09:00
GoogleNews:食　政府,食　政府,【アメリカ】政府、減量用インスリンのメディケア・メディケイド適用却下。食生活改善すべき - Sustainable Japan,https://news.google.com/rss/articles/CBMiaEFVX3lxTE8xaU5xYmI5YUZlMmlFdERFU183NjQtUTV4MzNZaGQ2eWJwV0tSM2ZfRjlxUWk4emh3Y3NVenF1eE5yM0w0MFVDRXg2WnhrREV5NlE5VkJickg2amdzVm9wVWdKaWJVWGRw?oc=5,"Wed, 09 Apr 2025 07:00:00 GMT",2026-02-15T07:58:03+09:00
GoogleNews:食　政府,食　政府,「食の危機管理」を政府一丸で対応食料供給困難事態対策法案 | お知らせ | ニュース - jimin.jp,https://news.google.com/rss/articles/CBMiXkFVX3lxTE1nZFlRZ2RBMHdWVXo0SnZpT3UwVElOUHpNY3RaN1RYXzdIamthdEE5QUZNQmRZNVJOd2ltbWJyZi00LWJMVUpzcXFxY0JyWjVUYXhZWnVteHlmVDFycUE?oc=5,"Thu, 21 Mar 2024 07:00:00 GMT",2026-02-15T07:58:03+09:00
GoogleNews:食　政府,食　政府,食品ロスを減らそう！今日からできる家庭での取組 - 政府広報オンライン,https://news.google.com/rss/articles/CBMia0FVX3lxTE4tdWJGTWxBUzNLOTZ1a2ctZWtzVlNOQXg0ZmZUdXdkRDJBc3pORzN3YTVrcUxHOS1SZVc4Y2NnUEJTY2E2cDFmanB0amlwY0dQbGpNNHNVX1JwTG5JSlNVODRhYnpHR01YYjlr?oc=5,"Wed, 21 May 2025 03:43:35 GMT",2026-02-15T07:58:03+09:00
GoogleNews:食　政府,食　政府,政府備蓄米 フードバンクに/来月から無償で 共産党などの要求実る - jcp.or.jp,https://news.google.com/rss/articles/CBMidkFVX3lxTFAyQXFCQ3hPZWxTTXl6TUZmd2lJV2Zlejl2REZRQ1BVd2R5TU1MbjY1alVFSHpoMENBRkRNaGpJY296QmpFWVN2UTdPamRicTZHMlJ6cklUVG5FS0tLT1dxblVQeVRJQl9rbXRCZUFUekhGQ1RDekE?oc=5,"Tue, 07 Jan 2025 08:00:00 GMT",2026-02-15T07:58:03+09:00
GoogleNews:食　政府,食　政府,イタリア政府、培養肉を禁止する法案を支持　食文化の保護が理由 - BBC,https://news.google.com/rss/articles/CBMiTkFVX3lxTE8xdDJTZVp3T0J5ekdRT0J4WFlldTF0WGFsS0IwbjRJYUhIMm9VaWNFVjdMU2E0M3lTal9mY0MwMGd6QTVWcDNfLTIwa2hzQdIBU0FVX3lxTE5FU2l4SE9Pa0JjdkZLSzBBRk10TzUwZnlfYWFkUE5KSFVHalJLbW12TTBzY3pTajh4UERwV29fekFVQU5JV0NyemhHc2hUNzZEa2FZ?oc=5,"Thu, 30 Mar 2023 07:00:00 GMT",2026-02-15T07:58:03+09:00
GoogleNews:食　政府,食　政府,食支援と食品ロスの削減に貢献する「ファミマフードドライブ」 日本政府公式SNS「JapanGov」にて紹介 - family.co.jp,https://news.google.com/rss/articles/CBMidEFVX3lxTE1EWFh1bmczblBUTkFtOHpYQ2ZTN2tXZlVrcHV5VE5QRUcyRWFPajV5M0FyVnBQRnRJeDZYQldZRXVTTkp3TmlNQ1hzbk1Danh6T21CZTNzR0gzZ1hrNGctZ05LeDIyX3FxQTFodXBlVnQ1SnpI?oc=5,"Tue, 30 Jul 2024 07:00:00 GMT",2026-02-15T07:58:03+09:00
GoogleNews:食　政府,食　政府,「農林水産省 政府備蓄米の無償交付の制度」説明会のお知らせ - PR TIMES,https://news.google.com/rss/articles/CBMiakFVX3lxTFBmQTh5ZVBEQVIyd1d1YnZVbHlIUTZ2QUFQcUVqVl9Bc2owdVFPemtMRVRaaUNGSldHS0lDTXRiUEdGS2c0N2FndVNxRnZScElTTGVqdG9nalBJVTdXcXIyYXE3ZHVaWXBwZ0E?oc=5,"Mon, 07 Oct 2024 07:00:00 GMT",2026-02-15T07:58:03+09:00
GoogleNews:食　政府,食　政府,食支援と食品ロスの削減に貢献する「ファミマフードドライブ」日本政府公式SNS「JapanGov」にて紹介 - PR TIMES,https://news.google.com/rss/articles/CBMiakFVX3lxTE9pSzlMS2xaUmpzdlB4VU1ibGpDZDM4V2dIX1pZWTFvcHc1Zmtxbjc5YVl2WTJZaVFkWEd4TkFYck94MVhqMEQ5RmZVS0NJV1RSOVZVb0VYTldIUWF5aS1HTEdFZGVKV3dibXc?oc=5,"Tue, 30 Jul 2024 07:00:00 GMT",2026-02-15T07:58:03+09:00
GoogleNews:食　政府,食　政府,トランプ米政権、タンパク質増・糖分減を推奨 食生活指針改定 - Reuters,https://news.google.com/rss/articles/CBMijAFBVV95cUxOQVBDXzN4cEZENmVpR2pWMlg4RVc3aEY2N2pZT0pCTWJBenRXbzZGQk5KWlVHeHlOQTVnc09XRUp5d2J1SkJtSm12bjhHeThILTNWa3BCUDAtd0JzUWdyY3ZUdzVMVUUzbEdwUjY1TUdaMDZ1SjBVc1RfNHZVb0pFYmF3Z09takZIUmVxaw?oc=5,"Wed, 07 Jan 2026 08:00:00 GMT",2026-02-15T07:58:03+09:00
GoogleNews:食　政府,食　政府,植物性食品が未来をつくる デンマーク政府のプラントベースシフト政策 - ELEMINIST,https://news.google.com/rss/articles/CBMiSkFVX3lxTFBrZzJFdUtvcFFZcTJTNi1WSzItRkhDVm9VZk9KZ0xkdm5MNFQ3YU80LTQ2ckhCMHBIemdGUUk1QVY0MDVqbi05Smd3?oc=5,"Tue, 16 Jul 2024 07:00:00 GMT",2026-02-15T07:58:03+09:00
GoogleNews:食　政府,食　政府,政府の災害備蓄品 年20万食、捨てずに生活困窮者へ - 朝日新聞,https://news.google.com/rss/articles/CBMiZkFVX3lxTE9fWTFzNU5UaHhic01zWklFZEljUlRDNXdYVkdHNlFEX2x5ZUJHRjVGSlZwUzNpbWF6a0hqMFk1dUZwemJGNlRfR3dfR21xN3hnYkNQc0F3Nll6NjZ0eHV1aE1mUTVLZw?oc=5,"Thu, 22 Apr 2021 07:00:00 GMT",2026-02-15T07:58:03+09:00
GoogleNews:食　政府,食　政府,フードスタンプで炭酸飲料など購入禁止を、米中西部2州が政府に要請 - Reuters,https://news.google.com/rss/articles/CBMiiAFBVV95cUxNWlZtSEZfa1VEOXZDbVhWSEF0c0tPbW5xT0lETTh1LUFtRDFjbDVQWE9xdUxoSXNiNHl6eS1Lcmd1S0xwNmZsVG9ZSXVQZjRwRWVkc0pkZkNXTVBsRy1OcW8ySXU2TEp2NzJHR3UweTBmcGhzajVQQWdlLVI4YU10OGlXR3NPenpB?oc=5,"Tue, 15 Apr 2025 07:00:00 GMT",2026-02-15T07:58:03+09:00
GoogleNews:食　政府,食　政府,「コオロギ事業に6兆円」昆虫食めぐり“血税が使われている”と拡散した情報は誤り。実際の予算額は？ - BuzzFeed,https://news.google.com/rss/articles/CBMihwFBVV95cUxQNzZlNWlTLXpxOWRtSmUyWlFMRFJnZ1F1aXhfY1l0b0kzUXVwRDdrMnlyUXQzcUZLQ3gwWHh2T0dQV1hGRlloYkFiT0YzaFlsOHVLZVVReHBtampKS25Dc3htV2FjNi1BSzUtRnBSV3p2R0xwQmx5NUROdFcwUDdzMXFDbV85cjA?oc=5,"Thu, 02 Mar 2023 08:00:00 GMT",2026-02-15T07:58:03+09:00
GoogleNews:食　政府,食　政府,日本政府観光局、日本の食文化に触れる旅を世界に発信、奈良開催の世界フォーラムで - トラベルボイス｜観光産業ニュース,https://news.google.com/rss/articles/CBMiVEFVX3lxTE8xMUJfb2pGX28zNFFfbDJlZ3liLTQydGY5Q0s4UzF2dTJSd3NlQWZWa2M2d2V6Yi1ObnVrNmFrcEROTXlONE9XOF9rMUxvd3FhQ2pWcg?oc=5,"Wed, 21 Dec 2022 08:00:00 GMT",2026-02-15T07:58:03+09:00
GoogleNews:食　政府,食　政府,シンガポール政府観光局が、食文化を通して新たな旅を提案 西武鉄道のレストラン車両「52席の至福」で味わう「予想外の体験。シンガポール」 - PR TIMES,https://news.google.com/rss/articles/CBMiakFVX3lxTE9aQ252SFZ3VWFReWQ2a2VIcEFNM1piQ20xQUVQcFoyaTNKcF9vUTJGQURDUEhyQXhNQzFIS2stTWNqaFlObGFXeENLTzdMT2NpVzY3S1VJTGcyS194NTZCUW9veUFVMjRRRHc?oc=5,"Mon, 09 Dec 2024 08:00:00 GMT",2026-02-15T07:58:03+09:00
GoogleNews:食　政府,食　政府,世界初、培養肉がデリバリーでオーダー可能 シンガポール政府のフードテック推進で実現 | 未来コトハジメ - 日経BP,https://news.google.com/rss/articles/CBMibEFVX3lxTE5DaGVHa2FqNG0xaTBJQjFTOHlNWVRNdkVGdWxhSEZCM3RzQ2VocmdtWllTVVcxQ0ZBRVNTQjBNemlEOW1LV3NvT2tuVU1icldSTWM4d25OYWhnZGRBc3BfNll4OHJFRGNFS3JiUg?oc=5,"Tue, 17 May 2022 07:00:00 GMT",2026-02-15T07:58:03+09:00
GoogleNews:食　政府,食　政府,災害備蓄、全自治体で９２７９万食 政府、交付金で確保支援 初の詳細調査 - 山陰中央新報デジタル,https://news.google.com/rss/articles/CBMiWkFVX3lxTE8xNnJ1NHlIcmwzMmZWN3ptUm9DN2Z3WmQwa051Zkh0dHczcFR3MF9fbUU2WHpwdlktUEt5dHlCczFoTzFtVlcycmh2VjVCQUNINmxIRmpfR093UQ?oc=5,"Fri, 10 Jan 2025 08:00:00 GMT",2026-02-15T07:58:03+09:00
GoogleNews:食　政府,食　政府,シンガポールフェアや旅行会社とのコラボ施策を日本で実施 ー「シンガポール・フード・フェスティバル」30周年記念企画フードプロモーション - PR TIMES,https://news.google.com/rss/articles/CBMiakFVX3lxTE1IQTl1eU5TZU9jS0lWeE9ad2pYX2hJWDYxTzRhaTJZaGdBRXBhNWZUVFBXWTEwWV9KbG54QjRQakhGMXRuS3l5UnM2NHZoU0l4MzdielZXR1RhbDFIaUg2TnREOEpxYy1WcHc?oc=5,"Thu, 06 Jul 2023 07:00:00 GMT",2026-02-15T07:58:03+09:00
GoogleNews:食　政府,食　政府,英国政府、外食支援策により1億食を超える利用があったと発表 - 独立行政法人 農畜産業振興機構,https://news.google.com/rss/articles/CBMiXkFVX3lxTE5BUEZnMjlBV2dkc1NDd25RTGhkbDZBTWFUNUoyekZ3d3JhY3BSSWtTcF9JZE5uRWNibzR0emxWd3NWSW5YeEZCX2VzU1dhXzBIMWU4ZmVWN2RFSGtkVnc?oc=5,"Fri, 18 Sep 2020 07:00:00 GMT",2026-02-15T07:58:03+09:00
GoogleNews:食　政府,食　政府,チェコ政府観光局がチェコの「食」に特化した パンフレットを制作 知られざる美食の国チェコで2023年に開催される 食のイベントを紹介 - アットプレス,https://news.google.com/rss/articles/CBMiTkFVX3lxTE1ja2lvSWh4TUJNX0dQcXRNQ0ZJNmJIX0tEWEpnV2dlZDVQWGhTenRkUVNVQlRXVVBkeklSNTY2X2NnNS1qV3N2NXlNV2VnUQ?oc=5,"Tue, 28 Feb 2023 08:00:00 GMT",2026-02-15T07:58:03+09:00
GoogleNews:食　政府,食　政府,米国政府が食生活指針を改定、2歳以上の糖類摂取量の上限を据え置き - 独立行政法人 農畜産業振興機構,https://news.google.com/rss/articles/CBMiXkFVX3lxTFBiaExFb1hJS0Nkb21ad3ZUUm1hQlU5dWVyNVdSSEVlSWlPYWRpeFZEcGVJdUdBeDZvTl9NOVppWVlXdFJWTGhScHZOTThEdnpRSkU5ZVhlUjVhNkdQUXc?oc=5,"Fri, 15 Jan 2021 08:00:00 GMT",2026-02-15T07:58:03+09:00
GoogleNews:食　政府,食　政府,英政府、ジャンクフードのネット広告と日中テレビCMを禁止 2025年から - Forbes JAPAN,https://news.google.com/rss/articles/CBMiWEFVX3lxTFBJamtuWmVqMGVMdDlvUHY1dnZsU3BYTnVjSEFUN3FjNGR0SVAwMVBSZEdhdnYxWDcyYlhVSzVkTVMySzdJLTlTbEZlRnNQMlI0Q3lBenJMMEc?oc=5,"Mon, 16 Sep 2024 07:00:00 GMT",2026-02-15T07:58:03+09:00
GoogleNews:食　政府,食　政府,税金を投入して「コオロギ食」や「培養肉」を推進するのは愚の骨頂…日本政府が鵜吞みにしている「ヤバいビジネス」 - 現代ビジネス,https://news.google.com/rss/articles/CBMiT0FVX3lxTFBWejZGR2o1cGM3S0tMd2V6ZWZqanVjMzc0QVVUdzE4NTdkNnpCMEYyQmlYeTNkNTZtRUdtaUtBYzRqS29CWnNYNndSQ0V2d0E?oc=5,"Mon, 19 Feb 2024 08:00:00 GMT",2026-02-15T07:58:03+09:00
GoogleNews:食　政府,食　政府,マリアナ最大の食フェス「テイスト・オブ・ザ・マリアナ」開催！ - PR TIMES,https://news.google.com/rss/articles/CBMiakFVX3lxTFB0QlBtVU10M0JGajNSYjUtYmY2ZTgzSV9jSlhhNnVXY1Y5Y0hPanpYdXBJaFNpS2tRc3JuVGxSdEQ0cFZ1U1JfOFJLVlh0WDVmTW4xRTRwTlZtVGtYX1Ftd1pMV25NR1o5N1E?oc=5,"Thu, 28 Mar 2024 07:00:00 GMT",2026-02-15T07:58:03+09:00
GoogleNews:食　政府,食　政府,シンガポール政府観光局、エアトリ、成城石井、MrFuji from Japanとのコラボレーションによる「食」をテーマとした2023年夏のキャンペーン施策を8月より実施 - PR TIMES,https://news.google.com/rss/articles/CBMiakFVX3lxTE5teVpkM21wTlhhbW1WMTRQbDE3OEZXV3JIQTE4VTZ1VE1XVnBGYU9MY2lja0YzTXdzMFNRQzVjSW5vWkxJRDV3WGNZM0NBS1M5eUxoNllEc2YyNE5pelBTZlRrS0g1XzJaMGc?oc=5,"Tue, 01 Aug 2023 07:00:00 GMT",2026-02-15T07:58:03+09:00
GoogleNews:食　政府,食　政府,飲食業界が団結、「政府に声届けたい」。日本飲食団体連合（食団連）が本格始動 | 飲食店ドットコム ジャーナル - 飲食店ドットコム,https://news.google.com/rss/articles/CBMiXEFVX3lxTE1FMlZRZEpVS3dUWmFGZkZsZW1XeXd0SFVqSzNnSENQcEZRZDdkQTNyS3JiQVFYcjZxUmlRbEFTTUkxc2VyR3VJWXZIRzJzdUs3M0dSbHI1RXI0UDds?oc=5,"Mon, 24 Jan 2022 08:00:00 GMT",2026-02-15T07:58:03+09:00
GoogleNews:食　政府,食　政府,培養肉は、「ルネサンス」にあらず。 - TABI LABO,https://news.google.com/rss/articles/CBMiX0FVX3lxTFBoS09tOExmdG1fa0FOMHhqbXBZczhxZjZ6blFjVjk1aTJDdmMwSUtXMGp4bUpxNTg0YXZPaThOX3NEWFJ5NW9jTVduRHpCY0FGamhDQU1pRXE2aGFMMTlj?oc=5,"Wed, 19 Apr 2023 07:00:00 GMT",2026-02-15T07:58:03+09:00
GoogleNews:食　政府,食　政府,#KTちゃんとゆく、タイ政府公認の「泉州屋台」とは？ - beyondmag.jp,https://news.google.com/rss/articles/CBMiSkFVX3lxTE5LSzhSQU9aMW5UWDVsRlZ1WmJYbnZnWTc3d1p4bHU4UEU5QWFuc2xaZ3d2M3B0NmprYVBaMUhvUW5hbDY4WWF4QTh3?oc=5,"Sat, 14 Sep 2024 07:00:00 GMT",2026-02-15T07:58:03+09:00
GoogleNews:食　政府,食　政府,タイ国政府観光庁・株式会社ぐるなび「観光と食に関する連携協定」を締結 - 株式会社ぐるなび,https://news.google.com/rss/articles/CBMia0FVX3lxTE9TNDd5aXhqR1FqdWlJMU1rMllQM1FTUmNhSEU2YU44bG93LTd4bWt2N0Y4MHZ1UlBZQ20yTmNmRE1maHJiakg2TEo4YzMwbmdrTHI1NjZZMGthcHF5UmZJM0RoUEEtUGl5Zm1r?oc=5,"Wed, 06 Dec 2017 08:00:00 GMT",2026-02-15T07:58:03+09:00
GoogleNews:食　政府,食　政府,【成城石井・実食レポ】タイ国政府観光庁協力「タイフードフェア」の本格惣菜＆デザートでタイ旅行気分を！！｜るるぶ&more. - るるぶWeb,https://news.google.com/rss/articles/CBMiUEFVX3lxTE5nc0FqR0c2MkJMRUloRDRBbm5NbUdYdFBGMTI2Rnp5UWJIOXpScmoxU1FZc0tGdTI3dlNSejFObzdYWm5CRFZoOUo3LXdDYUVf?oc=5,"Wed, 15 May 2024 07:00:00 GMT",2026-02-15T07:58:03+09:00
GoogleNews:食　政府,食　政府,シンガポール政府観光局、現地在住日本人と「食」でライブ動画配信、人気料理を食べ比べ - トラベルボイス｜観光産業ニュース,https://news.google.com/rss/articles/CBMiVEFVX3lxTE1zZ1ZNRFl6WUJZMlNiNE9KR1dQOU5PSHc5Y21td0F3UVZ0cWs2VGM4WXhoMVRQc0RQNzdxTjNxQ0haRE9mU2ZRRWdsbDhTenNnTEEwUA?oc=5,"Mon, 13 Jul 2020 07:00:00 GMT",2026-02-15T07:58:03+09:00
GoogleNews:食　政府,食　政府,政府備蓄米 フードバンクに無償交付へ 山梨には50トンの見通し コメ価格の高騰受け - 日テレNEWS NNN,https://news.google.com/rss/articles/CBMihwFBVV95cUxOa3F1TTFmWW9uTlA1QTBvWlhjRldBMTNEdE03bUVhZlZfUjFsRzNqMlIwQ1NNcE5hbHdvTFJaeFBuZ0ZybW4tU0VVa2t3TFRjSHBIZFlxZ2JyMDMybG1jZEdMT1hidHFjZmxBOWlCcHBILVlGSjhuNWtVNnE2OUpzOGcyVjNQTGM?oc=5,"Mon, 27 Jan 2025 08:00:00 GMT",2026-02-15T07:58:03+09:00
GoogleNews:食　政府,食　政府,政府備蓄米、フードバンクへ無償交付開始支援対象を拡大、貧困家庭や子ども支援に寄与 海外は？ - coki.jp,https://news.google.com/rss/articles/CBMiTkFVX3lxTFB1NkNiQ2c5RnBPeHdVNTlfdVVFSFF5VkdQSW1WU2R6TjJTajBLRVhwbnlqd1VJRGcwYVZGRG9jNUlfX2dGSEdBM01FSEZsQQ?oc=5,"Tue, 21 Jan 2025 08:00:00 GMT",2026-02-15T07:58:03+09:00
GoogleNews:食　政府,食　政府,仏政府が後援｢食のランキング｣のスゴい仕組み アルゴリズムに基づき1000軒をランキング化 - 東洋経済オンライン,https://news.google.com/rss/articles/CBMiUkFVX3lxTFA4cHdsUGZMbjctdXVZa25MV3Jad1pjLUZqVlVLM1R1NG84Y3ZoMmkwVi1KRnhITHFSQTVaLV9SdkdSUXFWN0JBcWVjM0hXVHpZQkE?oc=5,"Wed, 28 Dec 2022 03:02:23 GMT",2026-02-15T07:58:03+09:00
GoogleNews:食　政府,食　政府,「食のサプライチェーン」関連銘柄は、政府の「骨太の方針」にも関わる“国策テーマ株”！ 新型コロナの影響が残る中、食料の安定供給を支える5銘柄を紹介！ - ダイヤモンド・オンライン,https://news.google.com/rss/articles/CBMiUkFVX3lxTE0zWDJxRFFDS2FJX3p6bHlUc2tsaDhJcXlEZjRHbnpjbG5xNVBVQWdmbU1QQVBNdDFjRG9VZk5wdzVDRUNNOVFxME5kS2ZmT3NnaVE?oc=5,"Wed, 22 Jul 2020 07:00:00 GMT",2026-02-15T07:58:03+09:00
GoogleNews:食　政府,食　政府,学校の黙食見直しは? 政府分科会委員が語った本音 - 毎日新聞,https://news.google.com/rss/articles/CBMiaEFVX3lxTE1qX1dMVUYtMWlUaDFBeXVTSW4yakxjb293NzNCTktwSDV1ZmtxVG5iTE5ja1kyOTFfUFR1RXZ3aHd0WFR1M2dpelZhSlkzaVc2QlJGbzNqdzh3ZFVEOEFvb21VY3RxXzcy?oc=5,"Thu, 17 Nov 2022 08:00:00 GMT",2026-02-15T07:58:03+09:00
GoogleNews:食　政府,食　政府,敷島製パンが政府の補助金欲しさに、コオロギを美化した？【ファクトチェック】 - 日本ファクトチェックセンター,https://news.google.com/rss/articles/CBMixgFBVV95cUxObkg2NE9sU29KRFdQV3dLZ0FIWVlDV09EdUM2bW9hbTNvY08teUlJQ014M1FHWlBSMi1GX3NGWEdlNXR5SV9uOTFiNF9WbjFYRzFWc3dDMUFyaVdHU1hRMkszUkgtLUlZbzBqSmNMMHVoZ0tmVlYxclBONVl4U0Jub1FGOTBxS19MR1NrUFRVcWtoR0ZfM21IdElMaHh3bldNc0FrT0hRRzV4b1ltU2NENzZhTldPRFRQQnJDTjRYSTF2WWR4QVE?oc=5,"Thu, 23 Mar 2023 07:00:00 GMT",2026-02-15T07:58:03+09:00
GoogleNews:食　政府,食　政府,韓食を世界的な料理に 政府が戦略プラン - 在日本大韓民国民団,https://news.google.com/rss/articles/CBMiYkFVX3lxTE1FNjBEMzZnMWdVck1CS09wTExZTGV0dkVIN0pKRktEWkV4cGM3RGNsdXh1dFkzeWd4ZFVhM1BJOWt3YkpleF94UlBzd01LUjVYOUlDU2ZhVTdlOHZCNDR6ZV93?oc=5,"Fri, 21 Feb 2020 07:19:52 GMT",2026-02-15T07:58:03+09:00
GoogleNews:食　政府,食　政府,シンガポール政府観光局、「シンガポール・フード・フェスティバル」30周年でキャンペーン 日本で展開 - TRAICY（トライシー）,https://news.google.com/rss/articles/CBMiV0FVX3lxTE5qMDNTQ21EODFCam14V20zbHpIeDdtSnl5VjcxYmVJdWpwTGF3Q1VLc2x0ZnBWdzBvOHNveXlMa1paa2w0alFhYnZZTGdBTjI2VkJrYTVrTQ?oc=5,"Thu, 13 Jul 2023 07:00:00 GMT",2026-02-15T07:58:03+09:00
